Steppingstone sampler:
        No Stones:                  1000
        Start It:                   11000001
        It Per Stone:               5000
        Sample Freq:                1
        Dist:                       Beta(0.400000,1.000000)
Stone No	Power	N	Stone MLh	Running MLh
0	0.997502	3750	-0.146930	-0.146930
1	0.995007	3750	-0.143117	-0.290047
2	0.992517	3750	-0.131893	-0.421940
3	0.990030	3750	-0.159793	-0.581733
4	0.987547	3750	-0.141160	-0.722893
5	0.985067	3750	-0.123060	-0.845953
6	0.982592	3750	-0.137191	-0.983143
7	0.980120	3750	-0.147668	-1.130811
8	0.977652	3750	-0.148278	-1.279090
9	0.975187	3750	-0.140767	-1.419856
10	0.972726	3750	-0.149257	-1.569114
11	0.970269	3750	-0.167677	-1.736790
12	0.967816	3750	-0.156149	-1.892940
13	0.965367	3750	-0.129161	-2.022101
14	0.962921	3750	-0.153147	-2.175248
15	0.960479	3750	-0.157722	-2.332970
16	0.958040	3750	-0.159182	-2.492153
17	0.955606	3750	-0.159621	-2.651774
18	0.953175	3750	-0.141754	-2.793528
19	0.950747	3750	-0.138293	-2.931821
20	0.948324	3750	-0.126298	-3.058119
21	0.945904	3750	-0.133145	-3.191263
22	0.943488	3750	-0.135114	-3.326378
23	0.941076	3750	-0.132632	-3.459009
24	0.938667	3750	-0.134467	-3.593476
25	0.936262	3750	-0.133185	-3.726661
26	0.933861	3750	-0.154660	-3.881322
27	0.931463	3750	-0.164708	-4.046030
28	0.929069	3750	-0.145012	-4.191042
29	0.926679	3750	-0.161225	-4.352267
30	0.924293	3750	-0.137918	-4.490185
31	0.921910	3750	-0.131402	-4.621587
32	0.919531	3750	-0.137076	-4.758664
33	0.917155	3750	-0.150539	-4.909203
34	0.914783	3750	-0.151549	-5.060751
35	0.912415	3750	-0.143370	-5.204121
36	0.910051	3750	-0.131016	-5.335137
37	0.907690	3750	-0.121160	-5.456297
38	0.905333	3750	-0.141358	-5.597655
39	0.902980	3750	-0.130399	-5.728054
40	0.900630	3750	-0.132235	-5.860289
41	0.898284	3750	-0.145506	-6.005795
42	0.895942	3750	-0.152116	-6.157910
43	0.893603	3750	-0.155070	-6.312980
44	0.891268	3750	-0.161084	-6.474065
45	0.888937	3750	-0.149185	-6.623250
46	0.886609	3750	-0.155561	-6.778811
47	0.884285	3750	-0.147664	-6.926476
48	0.881965	3750	-0.162292	-7.088767
49	0.879648	3750	-0.168256	-7.257024
50	0.877335	3750	-0.157924	-7.414948
51	0.875026	3750	-0.151772	-7.566719
52	0.872720	3750	-0.152736	-7.719455
53	0.870418	3750	-0.146489	-7.865944
54	0.868120	3750	-0.146894	-8.012838
55	0.865825	3750	-0.138415	-8.151253
56	0.863534	3750	-0.164117	-8.315370
57	0.861246	3750	-0.170149	-8.485519
58	0.858962	3750	-0.183921	-8.669439
59	0.856682	3750	-0.174557	-8.843996
60	0.854405	3750	-0.164639	-9.008636
61	0.852132	3750	-0.160841	-9.169477
62	0.849863	3750	-0.166225	-9.335702
63	0.847597	3750	-0.131277	-9.466980
64	0.845335	3750	-0.129680	-9.596660
65	0.843077	3750	-0.131452	-9.728112
66	0.840822	3750	-0.151452	-9.879564
67	0.838571	3750	-0.148121	-10.027685
68	0.836323	3750	-0.153335	-10.181020
69	0.834079	3750	-0.142224	-10.323243
70	0.831839	3750	-0.137807	-10.461051
71	0.829602	3750	-0.142908	-10.603958
72	0.827369	3750	-0.150099	-10.754057
73	0.825140	3750	-0.150461	-10.904518
74	0.822914	3750	-0.155412	-11.059930
75	0.820691	3750	-0.141319	-11.201248
76	0.818473	3750	-0.153499	-11.354748
77	0.816258	3750	-0.134011	-11.488759
78	0.814046	3750	-0.166746	-11.655504
79	0.811838	3750	-0.148695	-11.804199
80	0.809634	3750	-0.160473	-11.964672
81	0.807433	3750	-0.142054	-12.106726
82	0.805236	3750	-0.165544	-12.272270
83	0.803043	3750	-0.160696	-12.432966
84	0.800853	3750	-0.145484	-12.578450
85	0.798667	3750	-0.139238	-12.717688
86	0.796484	3750	-0.159620	-12.877308
87	0.794305	3750	-0.150145	-13.027453
88	0.792129	3750	-0.141745	-13.169198
89	0.789957	3750	-0.148045	-13.317243
90	0.787789	3750	-0.153443	-13.470687
91	0.785624	3750	-0.133121	-13.603807
92	0.783463	3750	-0.139469	-13.743276
93	0.781305	3750	-0.160641	-13.903917
94	0.779151	3750	-0.150093	-14.054010
95	0.777000	3750	-0.160554	-14.214564
96	0.774853	3750	-0.157564	-14.372128
97	0.772710	3750	-0.161148	-14.533276
98	0.770570	3750	-0.160746	-14.694022
99	0.768433	3750	-0.140887	-14.834909
100	0.766301	3750	-0.147932	-14.982841
101	0.764172	3750	-0.150948	-15.133789
102	0.762046	3750	-0.134616	-15.268404
103	0.759924	3750	-0.159027	-15.427431
104	0.757805	3750	-0.173065	-15.600496
105	0.755690	3750	-0.152761	-15.753257
106	0.753579	3750	-0.137660	-15.890917
107	0.751471	3750	-0.140453	-16.031370
108	0.749366	3750	-0.154747	-16.186117
109	0.747266	3750	-0.154801	-16.340918
110	0.745168	3750	-0.158537	-16.499455
111	0.743075	3750	-0.130337	-16.629792
112	0.740984	3750	-0.144483	-16.774275
113	0.738898	3750	-0.154624	-16.928899
114	0.736815	3750	-0.169810	-17.098709
115	0.734735	3750	-0.155552	-17.254261
116	0.732659	3750	-0.149396	-17.403657
117	0.730586	3750	-0.128414	-17.532070
118	0.728517	3750	-0.136200	-17.668270
119	0.726452	3750	-0.158860	-17.827130
120	0.724390	3750	-0.136860	-17.963990
121	0.722331	3750	-0.139495	-18.103485
122	0.720276	3750	-0.147735	-18.251220
123	0.718225	3750	-0.163997	-18.415217
124	0.716177	3750	-0.171850	-18.587066
125	0.714132	3750	-0.161398	-18.748464
126	0.712091	3750	-0.159402	-18.907866
127	0.710054	3750	-0.156905	-19.064771
128	0.708020	3750	-0.163838	-19.228609
129	0.705989	3750	-0.130282	-19.358891
130	0.703962	3750	-0.148237	-19.507128
131	0.701939	3750	-0.160730	-19.667858
132	0.699919	3750	-0.150650	-19.818508
133	0.697902	3750	-0.146430	-19.964937
134	0.695889	3750	-0.145686	-20.110623
135	0.693880	3750	-0.157028	-20.267651
136	0.691874	3750	-0.156410	-20.424061
137	0.689871	3750	-0.155690	-20.579751
138	0.687872	3750	-0.141895	-20.721646
139	0.685877	3750	-0.171937	-20.893583
140	0.683885	3750	-0.155634	-21.049218
141	0.681896	3750	-0.132873	-21.182090
142	0.679911	3750	-0.144448	-21.326538
143	0.677929	3750	-0.166589	-21.493127
144	0.675951	3750	-0.166536	-21.659663
145	0.673976	3750	-0.170410	-21.830074
146	0.672005	3750	-0.158791	-21.988864
147	0.670037	3750	-0.155934	-22.144798
148	0.668073	3750	-0.136623	-22.281421
149	0.666112	3750	-0.145588	-22.427009
150	0.664155	3750	-0.152389	-22.579398
151	0.662201	3750	-0.155487	-22.734885
152	0.660250	3750	-0.149013	-22.883898
153	0.658303	3750	-0.148749	-23.032647
154	0.656359	3750	-0.142071	-23.174718
155	0.654419	3750	-0.148601	-23.323319
156	0.652483	3750	-0.153080	-23.476399
157	0.650549	3750	-0.145610	-23.622009
158	0.648619	3750	-0.147941	-23.769950
159	0.646693	3750	-0.160274	-23.930224
160	0.644770	3750	-0.160297	-24.090521
161	0.642851	3750	-0.158233	-24.248753
162	0.640934	3750	-0.141465	-24.390218
163	0.639022	3750	-0.136070	-24.526288
164	0.637113	3750	-0.138128	-24.664416
165	0.635207	3750	-0.133932	-24.798348
166	0.633304	3750	-0.152195	-24.950543
167	0.631405	3750	-0.157996	-25.108538
168	0.629510	3750	-0.155298	-25.263836
169	0.627618	3750	-0.149098	-25.412934
170	0.625729	3750	-0.147909	-25.560843
171	0.623844	3750	-0.148525	-25.709369
172	0.621962	3750	-0.151020	-25.860389
173	0.620083	3750	-0.153224	-26.013613
174	0.618208	3750	-0.170953	-26.184566
175	0.616337	3750	-0.157670	-26.342236
176	0.614468	3750	-0.171217	-26.513452
177	0.612604	3750	-0.153095	-26.666547
178	0.610742	3750	-0.154410	-26.820957
179	0.608884	3750	-0.157515	-26.978472
180	0.607029	3750	-0.152718	-27.131191
181	0.605178	3750	-0.144245	-27.275435
182	0.603330	3750	-0.152297	-27.427733
183	0.601486	3750	-0.147230	-27.574963
184	0.599645	3750	-0.147134	-27.722097
185	0.597807	3750	-0.160159	-27.882255
186	0.595973	3750	-0.144939	-28.027194
187	0.594142	3750	-0.135504	-28.162699
188	0.592314	3750	-0.148980	-28.311679
189	0.590490	3750	-0.131980	-28.443659
190	0.588669	3750	-0.146449	-28.590108
191	0.586852	3750	-0.139919	-28.730027
192	0.585038	3750	-0.154761	-28.884787
193	0.583227	3750	-0.160857	-29.045644
194	0.581420	3750	-0.157437	-29.203081
195	0.579616	3750	-0.161203	-29.364285
196	0.577815	3750	-0.159042	-29.523327
197	0.576018	3750	-0.147173	-29.670500
198	0.574224	3750	-0.157387	-29.827887
199	0.572433	3750	-0.155073	-29.982960
200	0.570646	3750	-0.142889	-30.125848
201	0.568862	3750	-0.170025	-30.295873
202	0.567082	3750	-0.138540	-30.434413
203	0.565305	3750	-0.150621	-30.585034
204	0.563531	3750	-0.148999	-30.734033
205	0.561761	3750	-0.161838	-30.895871
206	0.559993	3750	-0.160358	-31.056229
207	0.558230	3750	-0.151153	-31.207382
208	0.556469	3750	-0.150451	-31.357833
209	0.554712	3750	-0.154398	-31.512231
210	0.552958	3750	-0.142605	-31.654837
211	0.551208	3750	-0.156452	-31.811289
212	0.549461	3750	-0.135386	-31.946675
213	0.547717	3750	-0.147664	-32.094339
214	0.545977	3750	-0.152486	-32.246825
215	0.544240	3750	-0.150250	-32.397074
216	0.542506	3750	-0.142328	-32.539402
217	0.540775	3750	-0.126446	-32.665848
218	0.539048	3750	-0.145246	-32.811094
219	0.537324	3750	-0.140970	-32.952064
220	0.535604	3750	-0.151739	-33.103803
221	0.533887	3750	-0.146119	-33.249922
222	0.532173	3750	-0.137994	-33.387917
223	0.530462	3750	-0.148494	-33.536411
224	0.528755	3750	-0.138738	-33.675149
225	0.527051	3750	-0.166761	-33.841910
226	0.525350	3750	-0.155035	-33.996946
227	0.523653	3750	-0.148039	-34.144984
228	0.521958	3750	-0.143648	-34.288633
229	0.520268	3750	-0.144799	-34.433431
230	0.518580	3750	-0.133685	-34.567116
231	0.516896	3750	-0.136116	-34.703232
232	0.515215	3750	-0.164825	-34.868057
233	0.513537	3750	-0.150377	-35.018434
234	0.511863	3750	-0.147550	-35.165984
235	0.510192	3750	-0.149193	-35.315177
236	0.508524	3750	-0.147923	-35.463100
237	0.506859	3750	-0.143757	-35.606857
238	0.505198	3750	-0.138867	-35.745724
239	0.503540	3750	-0.143326	-35.889050
240	0.501885	3750	-0.142505	-36.031555
241	0.500234	3750	-0.146718	-36.178272
242	0.498586	3750	-0.143103	-36.321375
243	0.496941	3750	-0.145644	-36.467019
244	0.495299	3750	-0.142682	-36.609701
245	0.493660	3750	-0.157798	-36.767499
246	0.492025	3750	-0.156100	-36.923599
247	0.490393	3750	-0.164742	-37.088340
248	0.488765	3750	-0.137846	-37.226186
249	0.487139	3750	-0.133506	-37.359692
250	0.485517	3750	-0.154598	-37.514289
251	0.483898	3750	-0.141899	-37.656188
252	0.482283	3750	-0.145231	-37.801419
253	0.480670	3750	-0.137362	-37.938781
254	0.479061	3750	-0.143762	-38.082543
255	0.477455	3750	-0.151376	-38.233920
256	0.475852	3750	-0.153115	-38.387034
257	0.474253	3750	-0.126978	-38.514012
258	0.472656	3750	-0.146476	-38.660489
259	0.471063	3750	-0.141969	-38.802457
260	0.469474	3750	-0.140583	-38.943040
261	0.467887	3750	-0.140118	-39.083158
262	0.466304	3750	-0.151903	-39.235061
263	0.464723	3750	-0.147537	-39.382598
264	0.463146	3750	-0.159082	-39.541680
265	0.461573	3750	-0.153344	-39.695024
266	0.460002	3750	-0.137188	-39.832212
267	0.458435	3750	-0.150682	-39.982894
268	0.456871	3750	-0.146969	-40.129863
269	0.455310	3750	-0.148374	-40.278238
270	0.453752	3750	-0.143681	-40.421919
271	0.452198	3750	-0.151831	-40.573750
272	0.450647	3750	-0.142343	-40.716092
273	0.449098	3750	-0.143599	-40.859692
274	0.447554	3750	-0.153595	-41.013287
275	0.446012	3750	-0.146809	-41.160096
276	0.444473	3750	-0.147285	-41.307381
277	0.442938	3750	-0.144338	-41.451719
278	0.441406	3750	-0.142863	-41.594581
279	0.439877	3750	-0.139891	-41.734472
280	0.438351	3750	-0.145757	-41.880230
281	0.436829	3750	-0.146750	-42.026979
282	0.435309	3750	-0.142602	-42.169582
283	0.433793	3750	-0.134214	-42.303796
284	0.432280	3750	-0.140600	-42.444396
285	0.430770	3750	-0.145678	-42.590074
286	0.429263	3750	-0.147304	-42.737378
287	0.427760	3750	-0.136978	-42.874356
288	0.426259	3750	-0.130661	-43.005017
289	0.424762	3750	-0.144025	-43.149041
290	0.423268	3750	-0.131431	-43.280472
291	0.421777	3750	-0.145218	-43.425690
292	0.420289	3750	-0.140846	-43.566536
293	0.418805	3750	-0.150513	-43.717050
294	0.417323	3750	-0.137965	-43.855015
295	0.415845	3750	-0.136370	-43.991385
296	0.414370	3750	-0.134934	-44.126319
297	0.412898	3750	-0.131365	-44.257684
298	0.411429	3750	-0.125537	-44.383221
299	0.409963	3750	-0.143464	-44.526685
300	0.408501	3750	-0.145837	-44.672522
301	0.407041	3750	-0.142676	-44.815198
302	0.405585	3750	-0.134193	-44.949391
303	0.404132	3750	-0.141647	-45.091037
304	0.402682	3750	-0.131583	-45.222621
305	0.401235	3750	-0.126916	-45.349536
306	0.399791	3750	-0.129834	-45.479371
307	0.398350	3750	-0.133384	-45.612755
308	0.396913	3750	-0.134644	-45.747398
309	0.395478	3750	-0.141456	-45.888854
310	0.394047	3750	-0.139872	-46.028726
311	0.392619	3750	-0.131942	-46.160668
312	0.391194	3750	-0.155851	-46.316519
313	0.389772	3750	-0.154289	-46.470809
314	0.388353	3750	-0.143094	-46.613902
315	0.386937	3750	-0.142224	-46.756126
316	0.385524	3750	-0.140897	-46.897024
317	0.384115	3750	-0.145421	-47.042445
318	0.382708	3750	-0.123511	-47.165956
319	0.381305	3750	-0.134621	-47.300577
320	0.379904	3750	-0.135635	-47.436212
321	0.378507	3750	-0.119196	-47.555409
322	0.377113	3750	-0.123596	-47.679005
323	0.375722	3750	-0.120759	-47.799764
324	0.374334	3750	-0.134148	-47.933912
325	0.372949	3750	-0.125733	-48.059645
326	0.371567	3750	-0.141689	-48.201334
327	0.370189	3750	-0.127566	-48.328900
328	0.368813	3750	-0.118455	-48.447355
329	0.367440	3750	-0.137054	-48.584409
330	0.366071	3750	-0.136940	-48.721349
331	0.364705	3750	-0.118224	-48.839572
332	0.363341	3750	-0.130459	-48.970032
333	0.361981	3750	-0.141322	-49.111354
334	0.360624	3750	-0.129456	-49.240810
335	0.359269	3750	-0.127893	-49.368703
336	0.357918	3750	-0.133234	-49.501937
337	0.356570	3750	-0.140616	-49.642552
338	0.355225	3750	-0.135529	-49.778081
339	0.353883	3750	-0.142232	-49.920313
340	0.352544	3750	-0.145309	-50.065622
341	0.351208	3750	-0.129773	-50.195396
342	0.349875	3750	-0.131650	-50.327046
343	0.348546	3750	-0.129669	-50.456715
344	0.347219	3750	-0.145848	-50.602563
345	0.345895	3750	-0.139880	-50.742443
346	0.344574	3750	-0.137663	-50.880106
347	0.343257	3750	-0.126635	-51.006741
348	0.341942	3750	-0.138484	-51.145225
349	0.340630	3750	-0.139655	-51.284881
350	0.339322	3750	-0.132649	-51.417529
351	0.338016	3750	-0.123845	-51.541375
352	0.336714	3750	-0.120249	-51.661624
353	0.335414	3750	-0.139414	-51.801038
354	0.334118	3750	-0.138938	-51.939976
355	0.332824	3750	-0.143167	-52.083143
356	0.331534	3750	-0.142463	-52.225605
357	0.330246	3750	-0.134883	-52.360489
358	0.328962	3750	-0.130145	-52.490634
359	0.327680	3750	-0.136623	-52.627257
360	0.326401	3750	-0.126103	-52.753359
361	0.325126	3750	-0.118118	-52.871478
362	0.323853	3750	-0.123003	-52.994481
363	0.322584	3750	-0.130214	-53.124695
364	0.321317	3750	-0.139204	-53.263899
365	0.320054	3750	-0.139129	-53.403029
366	0.318793	3750	-0.122725	-53.525754
367	0.317536	3750	-0.131150	-53.656904
368	0.316281	3750	-0.121833	-53.778737
369	0.315030	3750	-0.121931	-53.900667
370	0.313781	3750	-0.131433	-54.032101
371	0.312535	3750	-0.129309	-54.161410
372	0.311293	3750	-0.131479	-54.292889
373	0.310053	3750	-0.120948	-54.413837
374	0.308816	3750	-0.122495	-54.536333
375	0.307582	3750	-0.135693	-54.672026
376	0.306352	3750	-0.129551	-54.801577
377	0.305124	3750	-0.134709	-54.936286
378	0.303899	3750	-0.126120	-55.062406
379	0.302677	3750	-0.129657	-55.192063
380	0.301458	3750	-0.128359	-55.320422
381	0.300242	3750	-0.120333	-55.440755
382	0.299029	3750	-0.119247	-55.560002
383	0.297819	3750	-0.114236	-55.674239
384	0.296611	3750	-0.116472	-55.790711
385	0.295407	3750	-0.126923	-55.917634
386	0.294206	3750	-0.113639	-56.031272
387	0.293007	3750	-0.111612	-56.142884
388	0.291812	3750	-0.118124	-56.261008
389	0.290619	3750	-0.126660	-56.387668
390	0.289430	3750	-0.132361	-56.520029
391	0.288243	3750	-0.128910	-56.648939
392	0.287059	3750	-0.137051	-56.785991
393	0.285879	3750	-0.127143	-56.913133
394	0.284701	3750	-0.138102	-57.051235
395	0.283526	3750	-0.131967	-57.183202
396	0.282354	3750	-0.120630	-57.303833
397	0.281184	3750	-0.115834	-57.419667
398	0.280018	3750	-0.129287	-57.548954
399	0.278855	3750	-0.121970	-57.670923
400	0.277694	3750	-0.117659	-57.788582
401	0.276537	3750	-0.125499	-57.914082
402	0.275382	3750	-0.120362	-58.034444
403	0.274230	3750	-0.130166	-58.164610
404	0.273082	3750	-0.109148	-58.273758
405	0.271936	3750	-0.131354	-58.405113
406	0.270793	3750	-0.126185	-58.531297
407	0.269652	3750	-0.117219	-58.648517
408	0.268515	3750	-0.117566	-58.766083
409	0.267381	3750	-0.123706	-58.889789
410	0.266249	3750	-0.126414	-59.016202
411	0.265121	3750	-0.128674	-59.144876
412	0.263995	3750	-0.128694	-59.273570
413	0.262872	3750	-0.133730	-59.407300
414	0.261752	3750	-0.115697	-59.522997
415	0.260635	3750	-0.126035	-59.649032
416	0.259520	3750	-0.129440	-59.778472
417	0.258409	3750	-0.121113	-59.899584
418	0.257300	3750	-0.125333	-60.024917
419	0.256195	3750	-0.119137	-60.144054
420	0.255092	3750	-0.123749	-60.267804
421	0.253992	3750	-0.116830	-60.384634
422	0.252895	3750	-0.118771	-60.503404
423	0.251800	3750	-0.123512	-60.626917
424	0.250709	3750	-0.125119	-60.752035
425	0.249620	3750	-0.138441	-60.890477
426	0.248534	3750	-0.128446	-61.018922
427	0.247451	3750	-0.118008	-61.136930
428	0.246371	3750	-0.126924	-61.263854
429	0.245294	3750	-0.116086	-61.379940
430	0.244220	3750	-0.114901	-61.494840
431	0.243148	3750	-0.118308	-61.613148
432	0.242079	3750	-0.129980	-61.743128
433	0.241013	3750	-0.121259	-61.864388
434	0.239950	3750	-0.119462	-61.983850
435	0.238890	3750	-0.130014	-62.113863
436	0.237832	3750	-0.105979	-62.219842
437	0.236778	3750	-0.117048	-62.336890
438	0.235726	3750	-0.126162	-62.463052
439	0.234677	3750	-0.118052	-62.581105
440	0.233630	3750	-0.111647	-62.692752
441	0.232587	3750	-0.129313	-62.822064
442	0.231546	3750	-0.112042	-62.934106
443	0.230509	3750	-0.115313	-63.049419
444	0.229473	3750	-0.122673	-63.172093
445	0.228441	3750	-0.114540	-63.286633
446	0.227412	3750	-0.109093	-63.395725
447	0.226385	3750	-0.118775	-63.514500
448	0.225361	3750	-0.111323	-63.625823
449	0.224340	3750	-0.110379	-63.736202
450	0.223322	3750	-0.116915	-63.853116
451	0.222306	3750	-0.116249	-63.969365
452	0.221293	3750	-0.123567	-64.092932
453	0.220283	3750	-0.115443	-64.208375
454	0.219276	3750	-0.123628	-64.332003
455	0.218272	3750	-0.122232	-64.454235
456	0.217270	3750	-0.110900	-64.565135
457	0.216271	3750	-0.112884	-64.678019
458	0.215275	3750	-0.110934	-64.788953
459	0.214281	3750	-0.129058	-64.918011
460	0.213291	3750	-0.117942	-65.035953
461	0.212303	3750	-0.115095	-65.151048
462	0.211318	3750	-0.118566	-65.269615
463	0.210335	3750	-0.118475	-65.388089
464	0.209356	3750	-0.117410	-65.505500
465	0.208379	3750	-0.115348	-65.620848
466	0.207404	3750	-0.114806	-65.735654
467	0.206433	3750	-0.110446	-65.846099
468	0.205464	3750	-0.103864	-65.949963
469	0.204498	3750	-0.116105	-66.066068
470	0.203535	3750	-0.111288	-66.177357
471	0.202575	3750	-0.108980	-66.286337
472	0.201617	3750	-0.112807	-66.399143
473	0.200662	3750	-0.117620	-66.516763
474	0.199709	3750	-0.120008	-66.636771
475	0.198760	3750	-0.117185	-66.753956
476	0.197813	3750	-0.114595	-66.868551
477	0.196869	3750	-0.112914	-66.981466
478	0.195927	3750	-0.106054	-67.087520
479	0.194988	3750	-0.115882	-67.203401
480	0.194052	3750	-0.101940	-67.305341
481	0.193119	3750	-0.108912	-67.414253
482	0.192188	3750	-0.105194	-67.519447
483	0.191260	3750	-0.110416	-67.629863
484	0.190335	3750	-0.108775	-67.738637
485	0.189412	3750	-0.116460	-67.855098
486	0.188492	3750	-0.112737	-67.967834
487	0.187575	3750	-0.117487	-68.085321
488	0.186660	3750	-0.113768	-68.199089
489	0.185749	3750	-0.119263	-68.318352
490	0.184839	3750	-0.116321	-68.434673
491	0.183933	3750	-0.112860	-68.547534
492	0.183029	3750	-0.114606	-68.662140
493	0.182128	3750	-0.121366	-68.783506
494	0.181229	3750	-0.111424	-68.894930
495	0.180333	3750	-0.110578	-69.005509
496	0.179440	3750	-0.095606	-69.101115
497	0.178550	3750	-0.104155	-69.205270
498	0.177662	3750	-0.109101	-69.314370
499	0.176777	3750	-0.113496	-69.427867
500	0.175894	3750	-0.112954	-69.540821
501	0.175014	3750	-0.103319	-69.644140
502	0.174137	3750	-0.126492	-69.770631
503	0.173262	3750	-0.108886	-69.879517
504	0.172390	3750	-0.107198	-69.986715
505	0.171521	3750	-0.105362	-70.092077
506	0.170654	3750	-0.104770	-70.196847
507	0.169790	3750	-0.108932	-70.305778
508	0.168929	3750	-0.105116	-70.410894
509	0.168070	3750	-0.105807	-70.516701
510	0.167214	3750	-0.108788	-70.625489
511	0.166360	3750	-0.103407	-70.728896
512	0.165509	3750	-0.110530	-70.839426
513	0.164661	3750	-0.108777	-70.948202
514	0.163815	3750	-0.102234	-71.050437
515	0.162972	3750	-0.105360	-71.155796
516	0.162132	3750	-0.105682	-71.261478
517	0.161294	3750	-0.119772	-71.381251
518	0.160458	3750	-0.104197	-71.485448
519	0.159626	3750	-0.108510	-71.593957
520	0.158796	3750	-0.099802	-71.693759
521	0.157968	3750	-0.101589	-71.795348
522	0.157143	3750	-0.112678	-71.908026
523	0.156321	3750	-0.108856	-72.016882
524	0.155501	3750	-0.107221	-72.124103
525	0.154684	3750	-0.095171	-72.219274
526	0.153870	3750	-0.108485	-72.327759
527	0.153058	3750	-0.097304	-72.425063
528	0.152248	3750	-0.102024	-72.527086
529	0.151441	3750	-0.099928	-72.627014
530	0.150637	3750	-0.113926	-72.740940
531	0.149835	3750	-0.105579	-72.846519
532	0.149036	3750	-0.100659	-72.947178
533	0.148240	3750	-0.104149	-73.051327
534	0.147446	3750	-0.117903	-73.169230
535	0.146654	3750	-0.103112	-73.272342
536	0.145865	3750	-0.105034	-73.377376
537	0.145079	3750	-0.105817	-73.483193
538	0.144295	3750	-0.099708	-73.582901
539	0.143514	3750	-0.106228	-73.689128
540	0.142735	3750	-0.106327	-73.795455
541	0.141959	3750	-0.102492	-73.897946
542	0.141186	3750	-0.098791	-73.996737
543	0.140415	3750	-0.108441	-74.105178
544	0.139646	3750	-0.098492	-74.203670
545	0.138880	3750	-0.105568	-74.309238
546	0.138116	3750	-0.107107	-74.416345
547	0.137356	3750	-0.111633	-74.527978
548	0.136597	3750	-0.096250	-74.624228
549	0.135841	3750	-0.107950	-74.732178
550	0.135088	3750	-0.097844	-74.830023
551	0.134337	3750	-0.112079	-74.942102
552	0.133588	3750	-0.115496	-75.057598
553	0.132843	3750	-0.094779	-75.152377
554	0.132099	3750	-0.096280	-75.248657
555	0.131358	3750	-0.102171	-75.350828
556	0.130620	3750	-0.108782	-75.459610
557	0.129884	3750	-0.094240	-75.553850
558	0.129151	3750	-0.093902	-75.647753
559	0.128420	3750	-0.099450	-75.747202
560	0.127691	3750	-0.103935	-75.851137
561	0.126965	3750	-0.092726	-75.943863
562	0.126242	3750	-0.104591	-76.048454
563	0.125521	3750	-0.105272	-76.153725
564	0.124802	3750	-0.094571	-76.248296
565	0.124086	3750	-0.114419	-76.362715
566	0.123373	3750	-0.103013	-76.465728
567	0.122662	3750	-0.109674	-76.575402
568	0.121953	3750	-0.098878	-76.674280
569	0.121247	3750	-0.104476	-76.778756
570	0.120543	3750	-0.094745	-76.873501
571	0.119842	3750	-0.091960	-76.965461
572	0.119143	3750	-0.090510	-77.055971
573	0.118447	3750	-0.094331	-77.150302
574	0.117753	3750	-0.093006	-77.243308
575	0.117062	3750	-0.100550	-77.343858
576	0.116373	3750	-0.084260	-77.428118
577	0.115686	3750	-0.089734	-77.517852
578	0.115002	3750	-0.092503	-77.610355
579	0.114320	3750	-0.094810	-77.705165
580	0.113641	3750	-0.099641	-77.804806
581	0.112964	3750	-0.095515	-77.900322
582	0.112290	3750	-0.096884	-77.997205
583	0.111618	3750	-0.093175	-78.090380
584	0.110948	3750	-0.092513	-78.182893
585	0.110281	3750	-0.090328	-78.273221
586	0.109616	3750	-0.097460	-78.370681
587	0.108954	3750	-0.101594	-78.472275
588	0.108294	3750	-0.112896	-78.585171
589	0.107637	3750	-0.107663	-78.692834
590	0.106981	3750	-0.116549	-78.809383
591	0.106329	3750	-0.098407	-78.907790
592	0.105678	3750	-0.098189	-79.005979
593	0.105030	3750	-0.111082	-79.117061
594	0.104385	3750	-0.088821	-79.205882
595	0.103742	3750	-0.086106	-79.291988
596	0.103101	3750	-0.099965	-79.391953
597	0.102463	3750	-0.095893	-79.487846
598	0.101827	3750	-0.095094	-79.582940
599	0.101193	3750	-0.100737	-79.683677
600	0.100562	3750	-0.104665	-79.788343
601	0.099933	3750	-0.095327	-79.883670
602	0.099306	3750	-0.094885	-79.978554
603	0.098682	3750	-0.092844	-80.071398
604	0.098060	3750	-0.091144	-80.162542
605	0.097441	3750	-0.088480	-80.251022
606	0.096824	3750	-0.094902	-80.345923
607	0.096209	3750	-0.091853	-80.437776
608	0.095596	3750	-0.093032	-80.530808
609	0.094986	3750	-0.089232	-80.620040
610	0.094379	3750	-0.092727	-80.712768
611	0.093773	3750	-0.088148	-80.800916
612	0.093170	3750	-0.093034	-80.893950
613	0.092570	3750	-0.099310	-80.993260
614	0.091971	3750	-0.104375	-81.097635
615	0.091375	3750	-0.110522	-81.208157
616	0.090781	3750	-0.094614	-81.302771
617	0.090190	3750	-0.095348	-81.398119
618	0.089601	3750	-0.100352	-81.498471
619	0.089014	3750	-0.096476	-81.594947
620	0.088430	3750	-0.082838	-81.677786
621	0.087848	3750	-0.087685	-81.765471
622	0.087268	3750	-0.097016	-81.862487
623	0.086690	3750	-0.092600	-81.955087
624	0.086115	3750	-0.094314	-82.049401
625	0.085542	3750	-0.097775	-82.147175
626	0.084971	3750	-0.090195	-82.237370
627	0.084403	3750	-0.085685	-82.323055
628	0.083837	3750	-0.088850	-82.411905
629	0.083273	3750	-0.102550	-82.514455
630	0.082712	3750	-0.105091	-82.619545
631	0.082152	3750	-0.084068	-82.703614
632	0.081595	3750	-0.091461	-82.795074
633	0.081041	3750	-0.097518	-82.892593
634	0.080488	3750	-0.103099	-82.995691
635	0.079938	3750	-0.093494	-83.089185
636	0.079390	3750	-0.085896	-83.175082
637	0.078845	3750	-0.083140	-83.258222
638	0.078301	3750	-0.091817	-83.350039
639	0.077760	3750	-0.091944	-83.441982
640	0.077221	3750	-0.098899	-83.540881
641	0.076684	3750	-0.089139	-83.630019
642	0.076150	3750	-0.081082	-83.711101
643	0.075618	3750	-0.083742	-83.794843
644	0.075088	3750	-0.091427	-83.886270
645	0.074560	3750	-0.089908	-83.976177
646	0.074035	3750	-0.089171	-84.065348
647	0.073512	3750	-0.086652	-84.152001
648	0.072991	3750	-0.082820	-84.234821
649	0.072472	3750	-0.083335	-84.318156
650	0.071955	3750	-0.091753	-84.409909
651	0.071441	3750	-0.108120	-84.518029
652	0.070929	3750	-0.078642	-84.596671
653	0.070419	3750	-0.093742	-84.690413
654	0.069911	3750	-0.085548	-84.775962
655	0.069406	3750	-0.093284	-84.869246
656	0.068903	3750	-0.097957	-84.967203
657	0.068401	3750	-0.086653	-85.053856
658	0.067903	3750	-0.088999	-85.142855
659	0.067406	3750	-0.093570	-85.236424
660	0.066911	3750	-0.093622	-85.330047
661	0.066419	3750	-0.098084	-85.428130
662	0.065929	3750	-0.085831	-85.513962
663	0.065441	3750	-0.085283	-85.599244
664	0.064955	3750	-0.094301	-85.693545
665	0.064471	3750	-0.081715	-85.775260
666	0.063990	3750	-0.081849	-85.857109
667	0.063510	3750	-0.084042	-85.941151
668	0.063033	3750	-0.085551	-86.026702
669	0.062558	3750	-0.092643	-86.119345
670	0.062085	3750	-0.088603	-86.207947
671	0.061615	3750	-0.093643	-86.301590
672	0.061146	3750	-0.080708	-86.382297
673	0.060680	3750	-0.079395	-86.461692
674	0.060216	3750	-0.073209	-86.534901
675	0.059753	3750	-0.083562	-86.618464
676	0.059293	3750	-0.083381	-86.701845
677	0.058836	3750	-0.080626	-86.782471
678	0.058380	3750	-0.086583	-86.869054
679	0.057926	3750	-0.076451	-86.945504
680	0.057475	3750	-0.085231	-87.030735
681	0.057025	3750	-0.075743	-87.106478
682	0.056578	3750	-0.079671	-87.186149
683	0.056133	3750	-0.071734	-87.257883
684	0.055690	3750	-0.077580	-87.335464
685	0.055249	3750	-0.081440	-87.416904
686	0.054810	3750	-0.078442	-87.495346
687	0.054373	3750	-0.074304	-87.569649
688	0.053939	3750	-0.079557	-87.649206
689	0.053506	3750	-0.107688	-87.756895
690	0.053076	3750	-0.076250	-87.833145
691	0.052647	3750	-0.072866	-87.906011
692	0.052221	3750	-0.093410	-87.999420
693	0.051797	3750	-0.073447	-88.072867
694	0.051375	3750	-0.083059	-88.155926
695	0.050955	3750	-0.068373	-88.224300
696	0.050537	3750	-0.078605	-88.302904
697	0.050121	3750	-0.083630	-88.386534
698	0.049707	3750	-0.073596	-88.460131
699	0.049295	3750	-0.078247	-88.538378
700	0.048885	3750	-0.096905	-88.635283
701	0.048478	3750	-0.080228	-88.715512
702	0.048072	3750	-0.084133	-88.799645
703	0.047668	3750	-0.075993	-88.875638
704	0.047267	3750	-0.081834	-88.957471
705	0.046867	3750	-0.084293	-89.041764
706	0.046470	3750	-0.073879	-89.115643
707	0.046074	3750	-0.088492	-89.204135
708	0.045681	3750	-0.088323	-89.292457
709	0.045289	3750	-0.089418	-89.381875
710	0.044900	3750	-0.087027	-89.468903
711	0.044512	3750	-0.087309	-89.556212
712	0.044127	3750	-0.074553	-89.630765
713	0.043744	3750	-0.075937	-89.706702
714	0.043362	3750	-0.072531	-89.779233
715	0.042983	3750	-0.081029	-89.860262
716	0.042606	3750	-0.079230	-89.939492
717	0.042230	3750	-0.085667	-90.025158
718	0.041857	3750	-0.075792	-90.100950
719	0.041485	3750	-0.090942	-90.191893
720	0.041116	3750	-0.080408	-90.272301
721	0.040749	3750	-0.086059	-90.358360
722	0.040383	3750	-0.086130	-90.444490
723	0.040020	3750	-0.076232	-90.520722
724	0.039658	3750	-0.084211	-90.604934
725	0.039299	3750	-0.105250	-90.710183
726	0.038941	3750	-0.085313	-90.795496
727	0.038585	3750	-0.092206	-90.887702
728	0.038232	3750	-0.072015	-90.959717
729	0.037880	3750	-0.077424	-91.037141
730	0.037530	3750	-0.084596	-91.121737
731	0.037182	3750	-0.068581	-91.190318
732	0.036836	3750	-0.086487	-91.276805
733	0.036493	3750	-0.098743	-91.375548
734	0.036151	3750	-0.086349	-91.461897
735	0.035810	3750	-0.092095	-91.553992
736	0.035472	3750	-0.080595	-91.634587
737	0.035136	3750	-0.077728	-91.712315
738	0.034802	3750	-0.083040	-91.795355
739	0.034469	3750	-0.079909	-91.875264
740	0.034139	3750	-0.076393	-91.951657
741	0.033810	3750	-0.077761	-92.029418
742	0.033484	3750	-0.071347	-92.100765
743	0.033159	3750	-0.081979	-92.182744
744	0.032836	3750	-0.075020	-92.257765
745	0.032515	3750	-0.082014	-92.339778
746	0.032196	3750	-0.090504	-92.430282
747	0.031879	3750	-0.079937	-92.510219
748	0.031563	3750	-0.077424	-92.587643
749	0.031250	3750	-0.091613	-92.679256
750	0.030938	3750	-0.078071	-92.757327
751	0.030629	3750	-0.084474	-92.841800
752	0.030321	3750	-0.079973	-92.921773
753	0.030015	3750	-0.072021	-92.993793
754	0.029711	3750	-0.096523	-93.090317
755	0.029409	3750	-0.086941	-93.177258
756	0.029108	3750	-0.083306	-93.260564
757	0.028810	3750	-0.079045	-93.339609
758	0.028513	3750	-0.086317	-93.425926
759	0.028218	3750	-0.077676	-93.503602
760	0.027925	3750	-0.081121	-93.584724
761	0.027634	3750	-0.079260	-93.663984
762	0.027345	3750	-0.084708	-93.748692
763	0.027057	3750	-0.101397	-93.850089
764	0.026771	3750	-0.087550	-93.937639
765	0.026487	3750	-0.081341	-94.018980
766	0.026205	3750	-0.074428	-94.093408
767	0.025925	3750	-0.083930	-94.177338
768	0.025647	3750	-0.072707	-94.250045
769	0.025370	3750	-0.080151	-94.330196
770	0.025095	3750	-0.086628	-94.416824
771	0.024822	3750	-0.067066	-94.483890
772	0.024551	3750	-0.070282	-94.554171
773	0.024281	3750	-0.073388	-94.627559
774	0.024014	3750	-0.078572	-94.706131
775	0.023748	3750	-0.068977	-94.775108
776	0.023483	3750	-0.071581	-94.846689
777	0.023221	3750	-0.083418	-94.930107
778	0.022960	3750	-0.083676	-95.013783
779	0.022702	3750	-0.094965	-95.108747
780	0.022445	3750	-0.080347	-95.189094
781	0.022189	3750	-0.092061	-95.281155
782	0.021936	3750	-0.086344	-95.367499
783	0.021684	3750	-0.084456	-95.451955
784	0.021434	3750	-0.084351	-95.536306
785	0.021185	3750	-0.078881	-95.615187
786	0.020939	3750	-0.074596	-95.689783
787	0.020694	3750	-0.086613	-95.776396
788	0.020451	3750	-0.082112	-95.858508
789	0.020209	3750	-0.066962	-95.925470
790	0.019969	3750	-0.075584	-96.001054
791	0.019731	3750	-0.086440	-96.087494
792	0.019495	3750	-0.079437	-96.166932
793	0.019261	3750	-0.091805	-96.258737
794	0.019028	3750	-0.076421	-96.335158
795	0.018796	3750	-0.078442	-96.413600
796	0.018567	3750	-0.081164	-96.494764
797	0.018339	3750	-0.102798	-96.597562
798	0.018113	3750	-0.098263	-96.695824
799	0.017889	3750	-0.088049	-96.783874
800	0.017666	3750	-0.087158	-96.871031
801	0.017445	3750	-0.077078	-96.948109
802	0.017225	3750	-0.073901	-97.022011
803	0.017007	3750	-0.071964	-97.093975
804	0.016791	3750	-0.085192	-97.179166
805	0.016577	3750	-0.064946	-97.244113
806	0.016364	3750	-0.073071	-97.317184
807	0.016153	3750	-0.070700	-97.387884
808	0.015943	3750	-0.072396	-97.460280
809	0.015736	3750	-0.072399	-97.532678
810	0.015529	3750	-0.062904	-97.595582
811	0.015325	3750	-0.073970	-97.669552
812	0.015122	3750	-0.068756	-97.738308
813	0.014920	3750	-0.072808	-97.811116
814	0.014721	3750	-0.073132	-97.884249
815	0.014523	3750	-0.066248	-97.950496
816	0.014326	3750	-0.068462	-98.018958
817	0.014131	3750	-0.067876	-98.086835
818	0.013938	3750	-0.065142	-98.151976
819	0.013746	3750	-0.063511	-98.215487
820	0.013556	3750	-0.068170	-98.283658
821	0.013367	3750	-0.063023	-98.346681
822	0.013181	3750	-0.086290	-98.432971
823	0.012995	3750	-0.090259	-98.523230
824	0.012811	3750	-0.073841	-98.597071
825	0.012629	3750	-0.087446	-98.684516
826	0.012448	3750	-0.106606	-98.791123
827	0.012269	3750	-0.069059	-98.860182
828	0.012092	3750	-0.049411	-98.909593
829	0.011916	3750	-0.051292	-98.960885
830	0.011741	3750	-0.051741	-99.012626
831	0.011568	3750	-0.069797	-99.082423
832	0.011397	3750	-0.088576	-99.170999
833	0.011227	3750	-0.065589	-99.236588
834	0.011059	3750	-0.065541	-99.302129
835	0.010892	3750	-0.059006	-99.361135
836	0.010727	3750	-0.062128	-99.423263
837	0.010563	3750	-0.059964	-99.483227
838	0.010401	3750	-0.055194	-99.538421
839	0.010240	3750	-0.059088	-99.597509
840	0.010081	3750	-0.072378	-99.669886
841	0.009923	3750	-0.057788	-99.727674
842	0.009767	3750	-0.060341	-99.788015
843	0.009612	3750	-0.056568	-99.844583
844	0.009459	3750	-0.059162	-99.903745
845	0.009307	3750	-0.070152	-99.973897
846	0.009156	3750	-0.083926	-100.057823
847	0.009008	3750	-0.091741	-100.149564
848	0.008860	3750	-0.090761	-100.240326
849	0.008714	3750	-0.060143	-100.300468
850	0.008570	3750	-0.059406	-100.359875
851	0.008427	3750	-0.063174	-100.423049
852	0.008285	3750	-0.062838	-100.485888
853	0.008145	3750	-0.075737	-100.561625
854	0.008006	3750	-0.070836	-100.632461
855	0.007869	3750	-0.068418	-100.700879
856	0.007733	3750	-0.074096	-100.774975
857	0.007598	3750	-0.094497	-100.869472
858	0.007465	3750	-0.075023	-100.944495
859	0.007334	3750	-0.082150	-101.026644
860	0.007203	3750	-0.070026	-101.096671
861	0.007075	3750	-0.088179	-101.184850
862	0.006947	3750	-0.091055	-101.275905
863	0.006821	3750	-0.111427	-101.387332
864	0.006696	3750	-0.108848	-101.496180
865	0.006573	3750	-0.079317	-101.575497
866	0.006451	3750	-0.114038	-101.689535
867	0.006330	3750	-0.090054	-101.779589
868	0.006211	3750	-0.061641	-101.841230
869	0.006093	3750	-0.058313	-101.899543
870	0.005977	3750	-0.087176	-101.986719
871	0.005862	3750	-0.073849	-102.060569
872	0.005748	3750	-0.062320	-102.122889
873	0.005635	3750	-0.080243	-102.203131
874	0.005524	3750	-0.057405	-102.260536
875	0.005414	3750	-0.091489	-102.352025
876	0.005306	3750	-0.057306	-102.409331
877	0.005199	3750	-0.077101	-102.486432
878	0.005093	3750	-0.076105	-102.562537
879	0.004988	3750	-0.078064	-102.640601
880	0.004885	3750	-0.085962	-102.726563
881	0.004783	3750	-0.078390	-102.804953
882	0.004682	3750	-0.069038	-102.873991
883	0.004583	3750	-0.094754	-102.968745
884	0.004485	3750	-0.059305	-103.028050
885	0.004388	3750	-0.085930	-103.113981
886	0.004292	3750	-0.058659	-103.172640
887	0.004198	3750	-0.072184	-103.244824
888	0.004105	3750	-0.085648	-103.330473
889	0.004013	3750	-0.081472	-103.411945
890	0.003923	3750	-0.042998	-103.454943
891	0.003833	3750	-0.051047	-103.505990
892	0.003745	3750	-0.062826	-103.568816
893	0.003658	3750	-0.083121	-103.651937
894	0.003573	3750	-0.063382	-103.715319
895	0.003488	3750	-0.065320	-103.780639
896	0.003405	3750	-0.057223	-103.837862
897	0.003323	3750	-0.069077	-103.906938
898	0.003242	3750	-0.064040	-103.970978
899	0.003162	3750	-0.063259	-104.034237
900	0.003084	3750	-0.079547	-104.113784
901	0.003007	3750	-0.044990	-104.158774
902	0.002930	3750	-0.068965	-104.227739
903	0.002855	3750	-0.066434	-104.294172
904	0.002782	3750	-0.068179	-104.362351
905	0.002709	3750	-0.065057	-104.427408
906	0.002638	3750	-0.078115	-104.505523
907	0.002567	3750	-0.082035	-104.587558
908	0.002498	3750	-0.057750	-104.645308
909	0.002430	3750	-0.078840	-104.724148
910	0.002363	3750	-0.067248	-104.791397
911	0.002297	3750	-0.067616	-104.859012
912	0.002233	3750	-0.040745	-104.899757
913	0.002169	3750	-0.071930	-104.971687
914	0.002106	3750	-0.077262	-105.048950
915	0.002045	3750	-0.066274	-105.115223
916	0.001985	3750	-0.045020	-105.160244
917	0.001925	3750	-0.065804	-105.226047
918	0.001867	3750	-0.065450	-105.291498
919	0.001810	3750	-0.057642	-105.349140
920	0.001754	3750	-0.065752	-105.414892
921	0.001699	3750	-0.077552	-105.492443
922	0.001645	3750	-0.062004	-105.554447
923	0.001592	3750	-0.053976	-105.608423
924	0.001540	3750	-0.068646	-105.677069
925	0.001490	3750	-0.067499	-105.744568
926	0.001440	3750	-0.071342	-105.815909
927	0.001391	3750	-0.053577	-105.869486
928	0.001343	3750	-0.044623	-105.914110
929	0.001296	3750	-0.056122	-105.970232
930	0.001251	3750	-0.052324	-106.022556
931	0.001206	3750	-0.063663	-106.086219
932	0.001162	3750	-0.061867	-106.148086
933	0.001119	3750	-0.060617	-106.208703
934	0.001077	3750	-0.052783	-106.261486
935	0.001036	3750	-0.043930	-106.305415
936	0.000996	3750	-0.055727	-106.361142
937	0.000957	3750	-0.034834	-106.395976
938	0.000919	3750	-0.056106	-106.452082
939	0.000882	3750	-0.054090	-106.506172
940	0.000846	3750	-0.049017	-106.555189
941	0.000810	3750	-0.044064	-106.599252
942	0.000776	3750	-0.045852	-106.645105
943	0.000742	3750	-0.061599	-106.706704
944	0.000709	3750	-0.053179	-106.759883
945	0.000678	3750	-0.048773	-106.808656
946	0.000647	3750	-0.044837	-106.853492
947	0.000617	3750	-0.052468	-106.905961
948	0.000587	3750	-0.041319	-106.947280
949	0.000559	3750	-0.053571	-107.000851
950	0.000531	3750	-0.041129	-107.041981
951	0.000505	3750	-0.029622	-107.071603
952	0.000479	3750	-0.038717	-107.110320
953	0.000454	3750	-0.037263	-107.147583
954	0.000430	3750	-0.040077	-107.187660
955	0.000406	3750	-0.043559	-107.231220
956	0.000383	3750	-0.048716	-107.279936
957	0.000362	3750	-0.036183	-107.316118
958	0.000340	3750	-0.053658	-107.369776
959	0.000320	3750	-0.035519	-107.405295
960	0.000300	3750	-0.029446	-107.434741
961	0.000281	3750	-0.022116	-107.456857
962	0.000263	3750	-0.029900	-107.486756
963	0.000246	3750	-0.029483	-107.516240
964	0.000229	3750	-0.039317	-107.555557
965	0.000213	3750	-0.028299	-107.583856
966	0.000198	3750	-0.029195	-107.613050
967	0.000183	3750	-0.031882	-107.644932
968	0.000169	3750	-0.030544	-107.675476
969	0.000156	3750	-0.021563	-107.697039
970	0.000143	3750	-0.023363	-107.720402
971	0.000131	3750	-0.023862	-107.744264
972	0.000120	3750	-0.034062	-107.778327
973	0.000109	3750	-0.022486	-107.800813
974	0.000099	3750	-0.016351	-107.817164
975	0.000089	3750	-0.022486	-107.839650
976	0.000080	3750	-0.025468	-107.865118
977	0.000072	3750	-0.018919	-107.884037
978	0.000064	3750	-0.022200	-107.906237
979	0.000057	3750	-0.009083	-107.915319
980	0.000050	3750	-0.014803	-107.930122
981	0.000043	3750	-0.008970	-107.939093
982	0.000038	3750	-0.009819	-107.948911
983	0.000032	3750	-0.009816	-107.958728
984	0.000028	3750	-0.012026	-107.970754
985	0.000023	3750	-0.007406	-107.978161
986	0.000019	3750	-0.010367	-107.988528
987	0.000016	3750	-0.009083	-107.997611
988	0.000013	3750	-0.014181	-108.011792
989	0.000010	3750	-0.013959	-108.025751
990	0.000008	3750	-0.008899	-108.034650
991	0.000006	3750	-0.003722	-108.038372
992	0.000004	3750	-0.003586	-108.041957
993	0.000003	3750	-0.003566	-108.045523
994	0.000002	3750	-0.002023	-108.047546
995	0.000001	3750	-0.004063	-108.051609
996	0.000000	3750	-0.000791	-108.052400
997	0.000000	3750	-0.000669	-108.053069
998	0.000000	3750	-0.001043	-108.054113
999	0.000000	3750	-0.052403	-108.106516
Log marginal likelihood:	-108.106516
