Steppingstone sampler:
        No Stones:                  1000
        Start It:                   11000001
        It Per Stone:               5000
        Sample Freq:                1
        Dist:                       Beta(0.400000,1.000000)
Stone No	Power	N	Stone MLh	Running MLh
0	0.997502	3750	-0.209384	-0.209384
1	0.995007	3750	-0.217710	-0.427094
2	0.992517	3750	-0.207432	-0.634526
3	0.990030	3750	-0.199294	-0.833820
4	0.987547	3750	-0.203837	-1.037657
5	0.985067	3750	-0.217910	-1.255567
6	0.982592	3750	-0.202978	-1.458545
7	0.980120	3750	-0.215544	-1.674089
8	0.977652	3750	-0.221617	-1.895706
9	0.975187	3750	-0.218871	-2.114577
10	0.972726	3750	-0.213916	-2.328493
11	0.970269	3750	-0.207934	-2.536427
12	0.967816	3750	-0.212164	-2.748591
13	0.965367	3750	-0.204072	-2.952663
14	0.962921	3750	-0.202830	-3.155493
15	0.960479	3750	-0.204517	-3.360010
16	0.958040	3750	-0.216222	-3.576232
17	0.955606	3750	-0.213367	-3.789599
18	0.953175	3750	-0.208149	-3.997748
19	0.950747	3750	-0.216007	-4.213755
20	0.948324	3750	-0.200938	-4.414694
21	0.945904	3750	-0.196515	-4.611208
22	0.943488	3750	-0.202907	-4.814115
23	0.941076	3750	-0.204670	-5.018785
24	0.938667	3750	-0.209578	-5.228363
25	0.936262	3750	-0.211781	-5.440144
26	0.933861	3750	-0.210816	-5.650960
27	0.931463	3750	-0.215422	-5.866382
28	0.929069	3750	-0.209313	-6.075696
29	0.926679	3750	-0.205267	-6.280963
30	0.924293	3750	-0.207327	-6.488290
31	0.921910	3750	-0.210907	-6.699197
32	0.919531	3750	-0.209800	-6.908997
33	0.917155	3750	-0.218385	-7.127382
34	0.914783	3750	-0.212275	-7.339657
35	0.912415	3750	-0.225503	-7.565160
36	0.910051	3750	-0.213095	-7.778255
37	0.907690	3750	-0.224117	-8.002373
38	0.905333	3750	-0.210712	-8.213084
39	0.902980	3750	-0.205348	-8.418432
40	0.900630	3750	-0.203870	-8.622303
41	0.898284	3750	-0.210294	-8.832596
42	0.895942	3750	-0.220227	-9.052823
43	0.893603	3750	-0.230640	-9.283463
44	0.891268	3750	-0.222351	-9.505814
45	0.888937	3750	-0.217865	-9.723679
46	0.886609	3750	-0.211090	-9.934768
47	0.884285	3750	-0.217365	-10.152133
48	0.881965	3750	-0.223227	-10.375360
49	0.879648	3750	-0.217677	-10.593036
50	0.877335	3750	-0.213549	-10.806586
51	0.875026	3750	-0.208554	-11.015139
52	0.872720	3750	-0.208005	-11.223144
53	0.870418	3750	-0.206233	-11.429377
54	0.868120	3750	-0.214580	-11.643957
55	0.865825	3750	-0.208374	-11.852331
56	0.863534	3750	-0.204978	-12.057309
57	0.861246	3750	-0.202727	-12.260036
58	0.858962	3750	-0.198312	-12.458348
59	0.856682	3750	-0.206487	-12.664835
60	0.854405	3750	-0.205050	-12.869885
61	0.852132	3750	-0.208933	-13.078818
62	0.849863	3750	-0.203932	-13.282749
63	0.847597	3750	-0.200465	-13.483214
64	0.845335	3750	-0.199918	-13.683132
65	0.843077	3750	-0.199095	-13.882227
66	0.840822	3750	-0.199275	-14.081502
67	0.838571	3750	-0.205808	-14.287310
68	0.836323	3750	-0.201966	-14.489276
69	0.834079	3750	-0.207785	-14.697060
70	0.831839	3750	-0.208770	-14.905830
71	0.829602	3750	-0.210985	-15.116815
72	0.827369	3750	-0.209698	-15.326513
73	0.825140	3750	-0.201970	-15.528483
74	0.822914	3750	-0.203794	-15.732277
75	0.820691	3750	-0.209194	-15.941471
76	0.818473	3750	-0.194165	-16.135636
77	0.816258	3750	-0.200353	-16.335989
78	0.814046	3750	-0.201199	-16.537188
79	0.811838	3750	-0.195708	-16.732896
80	0.809634	3750	-0.196666	-16.929562
81	0.807433	3750	-0.202492	-17.132054
82	0.805236	3750	-0.200081	-17.332134
83	0.803043	3750	-0.195957	-17.528092
84	0.800853	3750	-0.195556	-17.723647
85	0.798667	3750	-0.193099	-17.916746
86	0.796484	3750	-0.197757	-18.114503
87	0.794305	3750	-0.191493	-18.305996
88	0.792129	3750	-0.202743	-18.508739
89	0.789957	3750	-0.201370	-18.710109
90	0.787789	3750	-0.199792	-18.909901
91	0.785624	3750	-0.199433	-19.109334
92	0.783463	3750	-0.198311	-19.307644
93	0.781305	3750	-0.204723	-19.512368
94	0.779151	3750	-0.192284	-19.704652
95	0.777000	3750	-0.199137	-19.903788
96	0.774853	3750	-0.194064	-20.097853
97	0.772710	3750	-0.207507	-20.305360
98	0.770570	3750	-0.194216	-20.499576
99	0.768433	3750	-0.191559	-20.691135
100	0.766301	3750	-0.193887	-20.885022
101	0.764172	3750	-0.191396	-21.076418
102	0.762046	3750	-0.197736	-21.274155
103	0.759924	3750	-0.198509	-21.472663
104	0.757805	3750	-0.200625	-21.673289
105	0.755690	3750	-0.185916	-21.859205
106	0.753579	3750	-0.187970	-22.047175
107	0.751471	3750	-0.200523	-22.247698
108	0.749366	3750	-0.199721	-22.447419
109	0.747266	3750	-0.189021	-22.636440
110	0.745168	3750	-0.193333	-22.829773
111	0.743075	3750	-0.195030	-23.024803
112	0.740984	3750	-0.195097	-23.219900
113	0.738898	3750	-0.196838	-23.416738
114	0.736815	3750	-0.198788	-23.615526
115	0.734735	3750	-0.192635	-23.808161
116	0.732659	3750	-0.184371	-23.992533
117	0.730586	3750	-0.188981	-24.181514
118	0.728517	3750	-0.195975	-24.377489
119	0.726452	3750	-0.194802	-24.572291
120	0.724390	3750	-0.191524	-24.763815
121	0.722331	3750	-0.187681	-24.951495
122	0.720276	3750	-0.190594	-25.142089
123	0.718225	3750	-0.195871	-25.337960
124	0.716177	3750	-0.200247	-25.538207
125	0.714132	3750	-0.186133	-25.724339
126	0.712091	3750	-0.189161	-25.913500
127	0.710054	3750	-0.188046	-26.101545
128	0.708020	3750	-0.186384	-26.287929
129	0.705989	3750	-0.180082	-26.468012
130	0.703962	3750	-0.180432	-26.648444
131	0.701939	3750	-0.190305	-26.838749
132	0.699919	3750	-0.184515	-27.023264
133	0.697902	3750	-0.189424	-27.212688
134	0.695889	3750	-0.186511	-27.399199
135	0.693880	3750	-0.182679	-27.581877
136	0.691874	3750	-0.193390	-27.775268
137	0.689871	3750	-0.183923	-27.959190
138	0.687872	3750	-0.184188	-28.143378
139	0.685877	3750	-0.189476	-28.332854
140	0.683885	3750	-0.187949	-28.520803
141	0.681896	3750	-0.187380	-28.708183
142	0.679911	3750	-0.187297	-28.895480
143	0.677929	3750	-0.190659	-29.086139
144	0.675951	3750	-0.186706	-29.272845
145	0.673976	3750	-0.189409	-29.462255
146	0.672005	3750	-0.177888	-29.640143
147	0.670037	3750	-0.185147	-29.825290
148	0.668073	3750	-0.179879	-30.005169
149	0.666112	3750	-0.183844	-30.189013
150	0.664155	3750	-0.185385	-30.374398
151	0.662201	3750	-0.183124	-30.557522
152	0.660250	3750	-0.189049	-30.746571
153	0.658303	3750	-0.191312	-30.937883
154	0.656359	3750	-0.179314	-31.117197
155	0.654419	3750	-0.185824	-31.303021
156	0.652483	3750	-0.190333	-31.493354
157	0.650549	3750	-0.182809	-31.676164
158	0.648619	3750	-0.186027	-31.862190
159	0.646693	3750	-0.188128	-32.050319
160	0.644770	3750	-0.189448	-32.239767
161	0.642851	3750	-0.188313	-32.428080
162	0.640934	3750	-0.187507	-32.615586
163	0.639022	3750	-0.181489	-32.797076
164	0.637113	3750	-0.183166	-32.980242
165	0.635207	3750	-0.168899	-33.149141
166	0.633304	3750	-0.188968	-33.338109
167	0.631405	3750	-0.183537	-33.521646
168	0.629510	3750	-0.180507	-33.702153
169	0.627618	3750	-0.184000	-33.886153
170	0.625729	3750	-0.182641	-34.068794
171	0.623844	3750	-0.190536	-34.259330
172	0.621962	3750	-0.175403	-34.434733
173	0.620083	3750	-0.170546	-34.605279
174	0.618208	3750	-0.186751	-34.792030
175	0.616337	3750	-0.178158	-34.970188
176	0.614468	3750	-0.175854	-35.146042
177	0.612604	3750	-0.174204	-35.320246
178	0.610742	3750	-0.180332	-35.500578
179	0.608884	3750	-0.181141	-35.681719
180	0.607029	3750	-0.189331	-35.871050
181	0.605178	3750	-0.183906	-36.054956
182	0.603330	3750	-0.182916	-36.237872
183	0.601486	3750	-0.179579	-36.417452
184	0.599645	3750	-0.180111	-36.597562
185	0.597807	3750	-0.177791	-36.775354
186	0.595973	3750	-0.180900	-36.956254
187	0.594142	3750	-0.181566	-37.137819
188	0.592314	3750	-0.181109	-37.318928
189	0.590490	3750	-0.182347	-37.501274
190	0.588669	3750	-0.175160	-37.676435
191	0.586852	3750	-0.175845	-37.852280
192	0.585038	3750	-0.181354	-38.033633
193	0.583227	3750	-0.178201	-38.211835
194	0.581420	3750	-0.180257	-38.392092
195	0.579616	3750	-0.178368	-38.570461
196	0.577815	3750	-0.173475	-38.743935
197	0.576018	3750	-0.175876	-38.919811
198	0.574224	3750	-0.177108	-39.096919
199	0.572433	3750	-0.180440	-39.277359
200	0.570646	3750	-0.180215	-39.457574
201	0.568862	3750	-0.176142	-39.633716
202	0.567082	3750	-0.177445	-39.811160
203	0.565305	3750	-0.176794	-39.987954
204	0.563531	3750	-0.176281	-40.164235
205	0.561761	3750	-0.176688	-40.340923
206	0.559993	3750	-0.172570	-40.513493
207	0.558230	3750	-0.173120	-40.686613
208	0.556469	3750	-0.171578	-40.858191
209	0.554712	3750	-0.175884	-41.034074
210	0.552958	3750	-0.172839	-41.206914
211	0.551208	3750	-0.169748	-41.376662
212	0.549461	3750	-0.175169	-41.551831
213	0.547717	3750	-0.178872	-41.730703
214	0.545977	3750	-0.175496	-41.906199
215	0.544240	3750	-0.175589	-42.081788
216	0.542506	3750	-0.170682	-42.252470
217	0.540775	3750	-0.170247	-42.422717
218	0.539048	3750	-0.174794	-42.597511
219	0.537324	3750	-0.169776	-42.767287
220	0.535604	3750	-0.172377	-42.939664
221	0.533887	3750	-0.173204	-43.112868
222	0.532173	3750	-0.172432	-43.285301
223	0.530462	3750	-0.168128	-43.453429
224	0.528755	3750	-0.165495	-43.618924
225	0.527051	3750	-0.175096	-43.794020
226	0.525350	3750	-0.170787	-43.964807
227	0.523653	3750	-0.166165	-44.130972
228	0.521958	3750	-0.172008	-44.302980
229	0.520268	3750	-0.174790	-44.477769
230	0.518580	3750	-0.166759	-44.644528
231	0.516896	3750	-0.168824	-44.813352
232	0.515215	3750	-0.170466	-44.983818
233	0.513537	3750	-0.166283	-45.150101
234	0.511863	3750	-0.168606	-45.318707
235	0.510192	3750	-0.168256	-45.486963
236	0.508524	3750	-0.164664	-45.651627
237	0.506859	3750	-0.167389	-45.819017
238	0.505198	3750	-0.166077	-45.985093
239	0.503540	3750	-0.174699	-46.159792
240	0.501885	3750	-0.170332	-46.330125
241	0.500234	3750	-0.178611	-46.508736
242	0.498586	3750	-0.169163	-46.677898
243	0.496941	3750	-0.166203	-46.844101
244	0.495299	3750	-0.184618	-47.028720
245	0.493660	3750	-0.164662	-47.193381
246	0.492025	3750	-0.167918	-47.361299
247	0.490393	3750	-0.168271	-47.529571
248	0.488765	3750	-0.158577	-47.688147
249	0.487139	3750	-0.172084	-47.860231
250	0.485517	3750	-0.166484	-48.026716
251	0.483898	3750	-0.169085	-48.195801
252	0.482283	3750	-0.164737	-48.360537
253	0.480670	3750	-0.169095	-48.529633
254	0.479061	3750	-0.168203	-48.697836
255	0.477455	3750	-0.159540	-48.857376
256	0.475852	3750	-0.171536	-49.028911
257	0.474253	3750	-0.166285	-49.195196
258	0.472656	3750	-0.165272	-49.360468
259	0.471063	3750	-0.175825	-49.536293
260	0.469474	3750	-0.159252	-49.695545
261	0.467887	3750	-0.159244	-49.854789
262	0.466304	3750	-0.163374	-50.018163
263	0.464723	3750	-0.157554	-50.175717
264	0.463146	3750	-0.150880	-50.326597
265	0.461573	3750	-0.165009	-50.491606
266	0.460002	3750	-0.164184	-50.655790
267	0.458435	3750	-0.157673	-50.813463
268	0.456871	3750	-0.152313	-50.965776
269	0.455310	3750	-0.160483	-51.126259
270	0.453752	3750	-0.161602	-51.287861
271	0.452198	3750	-0.162101	-51.449962
272	0.450647	3750	-0.159941	-51.609903
273	0.449098	3750	-0.163554	-51.773457
274	0.447554	3750	-0.159220	-51.932677
275	0.446012	3750	-0.155657	-52.088334
276	0.444473	3750	-0.155266	-52.243601
277	0.442938	3750	-0.155036	-52.398636
278	0.441406	3750	-0.163574	-52.562210
279	0.439877	3750	-0.163198	-52.725408
280	0.438351	3750	-0.155573	-52.880981
281	0.436829	3750	-0.150123	-53.031104
282	0.435309	3750	-0.162399	-53.193504
283	0.433793	3750	-0.155233	-53.348737
284	0.432280	3750	-0.159050	-53.507787
285	0.430770	3750	-0.156583	-53.664370
286	0.429263	3750	-0.153744	-53.818114
287	0.427760	3750	-0.153419	-53.971533
288	0.426259	3750	-0.154795	-54.126327
289	0.424762	3750	-0.154201	-54.280528
290	0.423268	3750	-0.157597	-54.438125
291	0.421777	3750	-0.157195	-54.595320
292	0.420289	3750	-0.156892	-54.752212
293	0.418805	3750	-0.149964	-54.902176
294	0.417323	3750	-0.153672	-55.055847
295	0.415845	3750	-0.153441	-55.209288
296	0.414370	3750	-0.157534	-55.366822
297	0.412898	3750	-0.155687	-55.522509
298	0.411429	3750	-0.159438	-55.681947
299	0.409963	3750	-0.157768	-55.839715
300	0.408501	3750	-0.150711	-55.990427
301	0.407041	3750	-0.147004	-56.137431
302	0.405585	3750	-0.150170	-56.287600
303	0.404132	3750	-0.148297	-56.435897
304	0.402682	3750	-0.151052	-56.586949
305	0.401235	3750	-0.152309	-56.739258
306	0.399791	3750	-0.147100	-56.886358
307	0.398350	3750	-0.149632	-57.035990
308	0.396913	3750	-0.158689	-57.194679
309	0.395478	3750	-0.155528	-57.350207
310	0.394047	3750	-0.155679	-57.505886
311	0.392619	3750	-0.152074	-57.657960
312	0.391194	3750	-0.147324	-57.805284
313	0.389772	3750	-0.152349	-57.957633
314	0.388353	3750	-0.154521	-58.112154
315	0.386937	3750	-0.146040	-58.258194
316	0.385524	3750	-0.155092	-58.413286
317	0.384115	3750	-0.152658	-58.565944
318	0.382708	3750	-0.154666	-58.720611
319	0.381305	3750	-0.146144	-58.866754
320	0.379904	3750	-0.148595	-59.015350
321	0.378507	3750	-0.151879	-59.167228
322	0.377113	3750	-0.147527	-59.314756
323	0.375722	3750	-0.147194	-59.461949
324	0.374334	3750	-0.149221	-59.611170
325	0.372949	3750	-0.145095	-59.756265
326	0.371567	3750	-0.148624	-59.904889
327	0.370189	3750	-0.144715	-60.049603
328	0.368813	3750	-0.144988	-60.194591
329	0.367440	3750	-0.145990	-60.340581
330	0.366071	3750	-0.146130	-60.486711
331	0.364705	3750	-0.146581	-60.633292
332	0.363341	3750	-0.142010	-60.775302
333	0.361981	3750	-0.151284	-60.926587
334	0.360624	3750	-0.145270	-61.071857
335	0.359269	3750	-0.154665	-61.226522
336	0.357918	3750	-0.153882	-61.380404
337	0.356570	3750	-0.149236	-61.529641
338	0.355225	3750	-0.148455	-61.678095
339	0.353883	3750	-0.151275	-61.829370
340	0.352544	3750	-0.155862	-61.985232
341	0.351208	3750	-0.152422	-62.137653
342	0.349875	3750	-0.153490	-62.291144
343	0.348546	3750	-0.144179	-62.435322
344	0.347219	3750	-0.143422	-62.578744
345	0.345895	3750	-0.144089	-62.722833
346	0.344574	3750	-0.140093	-62.862926
347	0.343257	3750	-0.142408	-63.005333
348	0.341942	3750	-0.150011	-63.155344
349	0.340630	3750	-0.145245	-63.300588
350	0.339322	3750	-0.135596	-63.436185
351	0.338016	3750	-0.137921	-63.574106
352	0.336714	3750	-0.139567	-63.713673
353	0.335414	3750	-0.140233	-63.853906
354	0.334118	3750	-0.141432	-63.995338
355	0.332824	3750	-0.135797	-64.131136
356	0.331534	3750	-0.137687	-64.268823
357	0.330246	3750	-0.140861	-64.409684
358	0.328962	3750	-0.145979	-64.555663
359	0.327680	3750	-0.139786	-64.695450
360	0.326401	3750	-0.150509	-64.845958
361	0.325126	3750	-0.142020	-64.987978
362	0.323853	3750	-0.139269	-65.127247
363	0.322584	3750	-0.141142	-65.268390
364	0.321317	3750	-0.137151	-65.405541
365	0.320054	3750	-0.139860	-65.545401
366	0.318793	3750	-0.147821	-65.693222
367	0.317536	3750	-0.146153	-65.839375
368	0.316281	3750	-0.139245	-65.978621
369	0.315030	3750	-0.135601	-66.114222
370	0.313781	3750	-0.136099	-66.250321
371	0.312535	3750	-0.137419	-66.387740
372	0.311293	3750	-0.141557	-66.529297
373	0.310053	3750	-0.136116	-66.665413
374	0.308816	3750	-0.136383	-66.801797
375	0.307582	3750	-0.133900	-66.935697
376	0.306352	3750	-0.138520	-67.074217
377	0.305124	3750	-0.142186	-67.216403
378	0.303899	3750	-0.138478	-67.354881
379	0.302677	3750	-0.136735	-67.491616
380	0.301458	3750	-0.139192	-67.630809
381	0.300242	3750	-0.140020	-67.770829
382	0.299029	3750	-0.141522	-67.912351
383	0.297819	3750	-0.136524	-68.048875
384	0.296611	3750	-0.134115	-68.182990
385	0.295407	3750	-0.135830	-68.318820
386	0.294206	3750	-0.132319	-68.451139
387	0.293007	3750	-0.131099	-68.582238
388	0.291812	3750	-0.131207	-68.713445
389	0.290619	3750	-0.131470	-68.844915
390	0.289430	3750	-0.134721	-68.979635
391	0.288243	3750	-0.134108	-69.113744
392	0.287059	3750	-0.130142	-69.243885
393	0.285879	3750	-0.131793	-69.375679
394	0.284701	3750	-0.131159	-69.506838
395	0.283526	3750	-0.131505	-69.638343
396	0.282354	3750	-0.129722	-69.768065
397	0.281184	3750	-0.129418	-69.897483
398	0.280018	3750	-0.132939	-70.030421
399	0.278855	3750	-0.132565	-70.162987
400	0.277694	3750	-0.129555	-70.292541
401	0.276537	3750	-0.132104	-70.424646
402	0.275382	3750	-0.132821	-70.557467
403	0.274230	3750	-0.131017	-70.688485
404	0.273082	3750	-0.130069	-70.818554
405	0.271936	3750	-0.130423	-70.948977
406	0.270793	3750	-0.125642	-71.074619
407	0.269652	3750	-0.127224	-71.201842
408	0.268515	3750	-0.126222	-71.328064
409	0.267381	3750	-0.129086	-71.457150
410	0.266249	3750	-0.125826	-71.582977
411	0.265121	3750	-0.131802	-71.714779
412	0.263995	3750	-0.133701	-71.848480
413	0.262872	3750	-0.135923	-71.984403
414	0.261752	3750	-0.132663	-72.117066
415	0.260635	3750	-0.127071	-72.244137
416	0.259520	3750	-0.130121	-72.374258
417	0.258409	3750	-0.133281	-72.507539
418	0.257300	3750	-0.129286	-72.636825
419	0.256195	3750	-0.124529	-72.761354
420	0.255092	3750	-0.123604	-72.884959
421	0.253992	3750	-0.124440	-73.009398
422	0.252895	3750	-0.126498	-73.135897
423	0.251800	3750	-0.126307	-73.262204
424	0.250709	3750	-0.128317	-73.390521
425	0.249620	3750	-0.128226	-73.518747
426	0.248534	3750	-0.123843	-73.642591
427	0.247451	3750	-0.125329	-73.767920
428	0.246371	3750	-0.122494	-73.890414
429	0.245294	3750	-0.126321	-74.016735
430	0.244220	3750	-0.126084	-74.142819
431	0.243148	3750	-0.125643	-74.268462
432	0.242079	3750	-0.126388	-74.394850
433	0.241013	3750	-0.128973	-74.523822
434	0.239950	3750	-0.126665	-74.650487
435	0.238890	3750	-0.125361	-74.775848
436	0.237832	3750	-0.124269	-74.900117
437	0.236778	3750	-0.125327	-75.025443
438	0.235726	3750	-0.117212	-75.142655
439	0.234677	3750	-0.119484	-75.262139
440	0.233630	3750	-0.122791	-75.384930
441	0.232587	3750	-0.124007	-75.508937
442	0.231546	3750	-0.118559	-75.627496
443	0.230509	3750	-0.122086	-75.749582
444	0.229473	3750	-0.120365	-75.869948
445	0.228441	3750	-0.123007	-75.992955
446	0.227412	3750	-0.116648	-76.109604
447	0.226385	3750	-0.117921	-76.227525
448	0.225361	3750	-0.115268	-76.342793
449	0.224340	3750	-0.119361	-76.462154
450	0.223322	3750	-0.121529	-76.583683
451	0.222306	3750	-0.118229	-76.701912
452	0.221293	3750	-0.119398	-76.821310
453	0.220283	3750	-0.118564	-76.939874
454	0.219276	3750	-0.119765	-77.059639
455	0.218272	3750	-0.119283	-77.178922
456	0.217270	3750	-0.118918	-77.297839
457	0.216271	3750	-0.121694	-77.419533
458	0.215275	3750	-0.122225	-77.541758
459	0.214281	3750	-0.125127	-77.666886
460	0.213291	3750	-0.123434	-77.790320
461	0.212303	3750	-0.126170	-77.916490
462	0.211318	3750	-0.121448	-78.037937
463	0.210335	3750	-0.120440	-78.158378
464	0.209356	3750	-0.124083	-78.282461
465	0.208379	3750	-0.124544	-78.407005
466	0.207404	3750	-0.123367	-78.530372
467	0.206433	3750	-0.118882	-78.649253
468	0.205464	3750	-0.122230	-78.771484
469	0.204498	3750	-0.120577	-78.892061
470	0.203535	3750	-0.120694	-79.012755
471	0.202575	3750	-0.117510	-79.130265
472	0.201617	3750	-0.114993	-79.245258
473	0.200662	3750	-0.119931	-79.365189
474	0.199709	3750	-0.117305	-79.482494
475	0.198760	3750	-0.114433	-79.596927
476	0.197813	3750	-0.111554	-79.708481
477	0.196869	3750	-0.117758	-79.826239
478	0.195927	3750	-0.115880	-79.942119
479	0.194988	3750	-0.109285	-80.051404
480	0.194052	3750	-0.116545	-80.167949
481	0.193119	3750	-0.106154	-80.274102
482	0.192188	3750	-0.113791	-80.387893
483	0.191260	3750	-0.117246	-80.505140
484	0.190335	3750	-0.110431	-80.615570
485	0.189412	3750	-0.110215	-80.725785
486	0.188492	3750	-0.105963	-80.831748
487	0.187575	3750	-0.114559	-80.946307
488	0.186660	3750	-0.138641	-81.084948
489	0.185749	3750	-0.112456	-81.197405
490	0.184839	3750	-0.113354	-81.310758
491	0.183933	3750	-0.119697	-81.430456
492	0.183029	3750	-0.107230	-81.537686
493	0.182128	3750	-0.111831	-81.649517
494	0.181229	3750	-0.113700	-81.763216
495	0.180333	3750	-0.108247	-81.871463
496	0.179440	3750	-0.111195	-81.982659
497	0.178550	3750	-0.112987	-82.095646
498	0.177662	3750	-0.114738	-82.210384
499	0.176777	3750	-0.110246	-82.320630
500	0.175894	3750	-0.110665	-82.431295
501	0.175014	3750	-0.112137	-82.543433
502	0.174137	3750	-0.110046	-82.653479
503	0.173262	3750	-0.112293	-82.765771
504	0.172390	3750	-0.108235	-82.874006
505	0.171521	3750	-0.105427	-82.979432
506	0.170654	3750	-0.109799	-83.089232
507	0.169790	3750	-0.103518	-83.192750
508	0.168929	3750	-0.107033	-83.299783
509	0.168070	3750	-0.107102	-83.406885
510	0.167214	3750	-0.101729	-83.508613
511	0.166360	3750	-0.102734	-83.611347
512	0.165509	3750	-0.111200	-83.722547
513	0.164661	3750	-0.105944	-83.828491
514	0.163815	3750	-0.100456	-83.928947
515	0.162972	3750	-0.105819	-84.034766
516	0.162132	3750	-0.111132	-84.145898
517	0.161294	3750	-0.106433	-84.252331
518	0.160458	3750	-0.112030	-84.364362
519	0.159626	3750	-0.109420	-84.473782
520	0.158796	3750	-0.108364	-84.582146
521	0.157968	3750	-0.107738	-84.689885
522	0.157143	3750	-0.105481	-84.795366
523	0.156321	3750	-0.113507	-84.908873
524	0.155501	3750	-0.104629	-85.013502
525	0.154684	3750	-0.099622	-85.113124
526	0.153870	3750	-0.103692	-85.216816
527	0.153058	3750	-0.108344	-85.325160
528	0.152248	3750	-0.104265	-85.429425
529	0.151441	3750	-0.111962	-85.541387
530	0.150637	3750	-0.104304	-85.645691
531	0.149835	3750	-0.102985	-85.748676
532	0.149036	3750	-0.103673	-85.852349
533	0.148240	3750	-0.100553	-85.952902
534	0.147446	3750	-0.104649	-86.057551
535	0.146654	3750	-0.104185	-86.161736
536	0.145865	3750	-0.102014	-86.263750
537	0.145079	3750	-0.102584	-86.366334
538	0.144295	3750	-0.099764	-86.466098
539	0.143514	3750	-0.103150	-86.569248
540	0.142735	3750	-0.107090	-86.676338
541	0.141959	3750	-0.100763	-86.777100
542	0.141186	3750	-0.104353	-86.881454
543	0.140415	3750	-0.103149	-86.984602
544	0.139646	3750	-0.106851	-87.091453
545	0.138880	3750	-0.102138	-87.193592
546	0.138116	3750	-0.099387	-87.292979
547	0.137356	3750	-0.097014	-87.389992
548	0.136597	3750	-0.099044	-87.489036
549	0.135841	3750	-0.096186	-87.585222
550	0.135088	3750	-0.098319	-87.683541
551	0.134337	3750	-0.101860	-87.785401
552	0.133588	3750	-0.096397	-87.881798
553	0.132843	3750	-0.099382	-87.981180
554	0.132099	3750	-0.100093	-88.081273
555	0.131358	3750	-0.102388	-88.183661
556	0.130620	3750	-0.100246	-88.283908
557	0.129884	3750	-0.101283	-88.385191
558	0.129151	3750	-0.109031	-88.494222
559	0.128420	3750	-0.097089	-88.591311
560	0.127691	3750	-0.103781	-88.695093
561	0.126965	3750	-0.100540	-88.795633
562	0.126242	3750	-0.097496	-88.893129
563	0.125521	3750	-0.101292	-88.994421
564	0.124802	3750	-0.096257	-89.090678
565	0.124086	3750	-0.098799	-89.189478
566	0.123373	3750	-0.097702	-89.287179
567	0.122662	3750	-0.105042	-89.392222
568	0.121953	3750	-0.093726	-89.485948
569	0.121247	3750	-0.092331	-89.578279
570	0.120543	3750	-0.094002	-89.672281
571	0.119842	3750	-0.105881	-89.778162
572	0.119143	3750	-0.102520	-89.880682
573	0.118447	3750	-0.103298	-89.983980
574	0.117753	3750	-0.105475	-90.089455
575	0.117062	3750	-0.094157	-90.183612
576	0.116373	3750	-0.094545	-90.278156
577	0.115686	3750	-0.092768	-90.370924
578	0.115002	3750	-0.093993	-90.464917
579	0.114320	3750	-0.096223	-90.561140
580	0.113641	3750	-0.094145	-90.655285
581	0.112964	3750	-0.096848	-90.752133
582	0.112290	3750	-0.096124	-90.848258
583	0.111618	3750	-0.096128	-90.944385
584	0.110948	3750	-0.096915	-91.041300
585	0.110281	3750	-0.096114	-91.137414
586	0.109616	3750	-0.091298	-91.228712
587	0.108954	3750	-0.091639	-91.320352
588	0.108294	3750	-0.091294	-91.411646
589	0.107637	3750	-0.094989	-91.506635
590	0.106981	3750	-0.090876	-91.597511
591	0.106329	3750	-0.091783	-91.689294
592	0.105678	3750	-0.092481	-91.781776
593	0.105030	3750	-0.091696	-91.873471
594	0.104385	3750	-0.094430	-91.967902
595	0.103742	3750	-0.088021	-92.055923
596	0.103101	3750	-0.087895	-92.143818
597	0.102463	3750	-0.088005	-92.231823
598	0.101827	3750	-0.084893	-92.316716
599	0.101193	3750	-0.086934	-92.403650
600	0.100562	3750	-0.094715	-92.498365
601	0.099933	3750	-0.092730	-92.591095
602	0.099306	3750	-0.088129	-92.679224
603	0.098682	3750	-0.092269	-92.771493
604	0.098060	3750	-0.107439	-92.878933
605	0.097441	3750	-0.092486	-92.971419
606	0.096824	3750	-0.092709	-93.064127
607	0.096209	3750	-0.089883	-93.154010
608	0.095596	3750	-0.090944	-93.244954
609	0.094986	3750	-0.089813	-93.334767
610	0.094379	3750	-0.087364	-93.422131
611	0.093773	3750	-0.094191	-93.516322
612	0.093170	3750	-0.084880	-93.601201
613	0.092570	3750	-0.087731	-93.688932
614	0.091971	3750	-0.090390	-93.779322
615	0.091375	3750	-0.086884	-93.866207
616	0.090781	3750	-0.087814	-93.954021
617	0.090190	3750	-0.089724	-94.043745
618	0.089601	3750	-0.087335	-94.131080
619	0.089014	3750	-0.087150	-94.218231
620	0.088430	3750	-0.085340	-94.303570
621	0.087848	3750	-0.107896	-94.411466
622	0.087268	3750	-0.093433	-94.504899
623	0.086690	3750	-0.083378	-94.588278
624	0.086115	3750	-0.086977	-94.675255
625	0.085542	3750	-0.090162	-94.765416
626	0.084971	3750	-0.088724	-94.854140
627	0.084403	3750	-0.086484	-94.940624
628	0.083837	3750	-0.084884	-95.025508
629	0.083273	3750	-0.081392	-95.106900
630	0.082712	3750	-0.083741	-95.190641
631	0.082152	3750	-0.093344	-95.283985
632	0.081595	3750	-0.095146	-95.379131
633	0.081041	3750	-0.091223	-95.470354
634	0.080488	3750	-0.084155	-95.554508
635	0.079938	3750	-0.087640	-95.642149
636	0.079390	3750	-0.088720	-95.730868
637	0.078845	3750	-0.086421	-95.817289
638	0.078301	3750	-0.082679	-95.899968
639	0.077760	3750	-0.083238	-95.983206
640	0.077221	3750	-0.091121	-96.074327
641	0.076684	3750	-0.083119	-96.157446
642	0.076150	3750	-0.087658	-96.245104
643	0.075618	3750	-0.075451	-96.320555
644	0.075088	3750	-0.077434	-96.397989
645	0.074560	3750	-0.083428	-96.481416
646	0.074035	3750	-0.080519	-96.561935
647	0.073512	3750	-0.089699	-96.651634
648	0.072991	3750	-0.085693	-96.737326
649	0.072472	3750	-0.086244	-96.823570
650	0.071955	3750	-0.085455	-96.909025
651	0.071441	3750	-0.088273	-96.997298
652	0.070929	3750	-0.080841	-97.078139
653	0.070419	3750	-0.081121	-97.159261
654	0.069911	3750	-0.084499	-97.243760
655	0.069406	3750	-0.090356	-97.334116
656	0.068903	3750	-0.088465	-97.422580
657	0.068401	3750	-0.085573	-97.508153
658	0.067903	3750	-0.078061	-97.586214
659	0.067406	3750	-0.079574	-97.665788
660	0.066911	3750	-0.092073	-97.757861
661	0.066419	3750	-0.083171	-97.841032
662	0.065929	3750	-0.084619	-97.925652
663	0.065441	3750	-0.082188	-98.007839
664	0.064955	3750	-0.083015	-98.090855
665	0.064471	3750	-0.081305	-98.172159
666	0.063990	3750	-0.078258	-98.250418
667	0.063510	3750	-0.077735	-98.328153
668	0.063033	3750	-0.075890	-98.404043
669	0.062558	3750	-0.077866	-98.481909
670	0.062085	3750	-0.080674	-98.562583
671	0.061615	3750	-0.086003	-98.648586
672	0.061146	3750	-0.086180	-98.734765
673	0.060680	3750	-0.085817	-98.820582
674	0.060216	3750	-0.092036	-98.912618
675	0.059753	3750	-0.087211	-98.999829
676	0.059293	3750	-0.079416	-99.079246
677	0.058836	3750	-0.080784	-99.160029
678	0.058380	3750	-0.078124	-99.238153
679	0.057926	3750	-0.081896	-99.320050
680	0.057475	3750	-0.079866	-99.399916
681	0.057025	3750	-0.074891	-99.474807
682	0.056578	3750	-0.076336	-99.551143
683	0.056133	3750	-0.083192	-99.634336
684	0.055690	3750	-0.073453	-99.707789
685	0.055249	3750	-0.074874	-99.782662
686	0.054810	3750	-0.085517	-99.868179
687	0.054373	3750	-0.073234	-99.941412
688	0.053939	3750	-0.081994	-100.023407
689	0.053506	3750	-0.084021	-100.107428
690	0.053076	3750	-0.079983	-100.187411
691	0.052647	3750	-0.078583	-100.265994
692	0.052221	3750	-0.079904	-100.345898
693	0.051797	3750	-0.083363	-100.429261
694	0.051375	3750	-0.084190	-100.513452
695	0.050955	3750	-0.083350	-100.596802
696	0.050537	3750	-0.096181	-100.692983
697	0.050121	3750	-0.072650	-100.765632
698	0.049707	3750	-0.073213	-100.838846
699	0.049295	3750	-0.078969	-100.917815
700	0.048885	3750	-0.077718	-100.995533
701	0.048478	3750	-0.087556	-101.083089
702	0.048072	3750	-0.070888	-101.153977
703	0.047668	3750	-0.086517	-101.240494
704	0.047267	3750	-0.076876	-101.317371
705	0.046867	3750	-0.076109	-101.393479
706	0.046470	3750	-0.083239	-101.476718
707	0.046074	3750	-0.080701	-101.557419
708	0.045681	3750	-0.083582	-101.641001
709	0.045289	3750	-0.074848	-101.715849
710	0.044900	3750	-0.075981	-101.791831
711	0.044512	3750	-0.072002	-101.863833
712	0.044127	3750	-0.075033	-101.938865
713	0.043744	3750	-0.080083	-102.018948
714	0.043362	3750	-0.071150	-102.090098
715	0.042983	3750	-0.081018	-102.171116
716	0.042606	3750	-0.076643	-102.247759
717	0.042230	3750	-0.076089	-102.323848
718	0.041857	3750	-0.071920	-102.395768
719	0.041485	3750	-0.073996	-102.469763
720	0.041116	3750	-0.062396	-102.532159
721	0.040749	3750	-0.071942	-102.604101
722	0.040383	3750	-0.105569	-102.709671
723	0.040020	3750	-0.086137	-102.795808
724	0.039658	3750	-0.075788	-102.871597
725	0.039299	3750	-0.077264	-102.948861
726	0.038941	3750	-0.064081	-103.012941
727	0.038585	3750	-0.093481	-103.106423
728	0.038232	3750	-0.078023	-103.184446
729	0.037880	3750	-0.077666	-103.262111
730	0.037530	3750	-0.071490	-103.333601
731	0.037182	3750	-0.074982	-103.408584
732	0.036836	3750	-0.075622	-103.484206
733	0.036493	3750	-0.084460	-103.568667
734	0.036151	3750	-0.078533	-103.647200
735	0.035810	3750	-0.079419	-103.726619
736	0.035472	3750	-0.081768	-103.808387
737	0.035136	3750	-0.077073	-103.885460
738	0.034802	3750	-0.075510	-103.960970
739	0.034469	3750	-0.083490	-104.044459
740	0.034139	3750	-0.074029	-104.118488
741	0.033810	3750	-0.072888	-104.191376
742	0.033484	3750	-0.081040	-104.272416
743	0.033159	3750	-0.076348	-104.348763
744	0.032836	3750	-0.063678	-104.412441
745	0.032515	3750	-0.090037	-104.502477
746	0.032196	3750	-0.068964	-104.571442
747	0.031879	3750	-0.069734	-104.641176
748	0.031563	3750	-0.072212	-104.713388
749	0.031250	3750	-0.073509	-104.786897
750	0.030938	3750	-0.075639	-104.862536
751	0.030629	3750	-0.065198	-104.927733
752	0.030321	3750	-0.068798	-104.996531
753	0.030015	3750	-0.082323	-105.078854
754	0.029711	3750	-0.063832	-105.142686
755	0.029409	3750	-0.069027	-105.211713
756	0.029108	3750	-0.072571	-105.284284
757	0.028810	3750	-0.091149	-105.375433
758	0.028513	3750	-0.066592	-105.442025
759	0.028218	3750	-0.063786	-105.505811
760	0.027925	3750	-0.065658	-105.571469
761	0.027634	3750	-0.069223	-105.640692
762	0.027345	3750	-0.078340	-105.719032
763	0.027057	3750	-0.076976	-105.796008
764	0.026771	3750	-0.088584	-105.884591
765	0.026487	3750	-0.083345	-105.967937
766	0.026205	3750	-0.068017	-106.035953
767	0.025925	3750	-0.067937	-106.103891
768	0.025647	3750	-0.084579	-106.188469
769	0.025370	3750	-0.076489	-106.264958
770	0.025095	3750	-0.078222	-106.343180
771	0.024822	3750	-0.080910	-106.424090
772	0.024551	3750	-0.067408	-106.491498
773	0.024281	3750	-0.082306	-106.573804
774	0.024014	3750	-0.074652	-106.648456
775	0.023748	3750	-0.071117	-106.719573
776	0.023483	3750	-0.085037	-106.804610
777	0.023221	3750	-0.086713	-106.891323
778	0.022960	3750	-0.073101	-106.964424
779	0.022702	3750	-0.085769	-107.050193
780	0.022445	3750	-0.087793	-107.137986
781	0.022189	3750	-0.079539	-107.217525
782	0.021936	3750	-0.078246	-107.295771
783	0.021684	3750	-0.065750	-107.361521
784	0.021434	3750	-0.064400	-107.425921
785	0.021185	3750	-0.065871	-107.491791
786	0.020939	3750	-0.069310	-107.561101
787	0.020694	3750	-0.071889	-107.632990
788	0.020451	3750	-0.069332	-107.702322
789	0.020209	3750	-0.073959	-107.776282
790	0.019969	3750	-0.075786	-107.852068
791	0.019731	3750	-0.068660	-107.920728
792	0.019495	3750	-0.068746	-107.989474
793	0.019261	3750	-0.072980	-108.062454
794	0.019028	3750	-0.065439	-108.127892
795	0.018796	3750	-0.086075	-108.213967
796	0.018567	3750	-0.081457	-108.295425
797	0.018339	3750	-0.066947	-108.362372
798	0.018113	3750	-0.077814	-108.440186
799	0.017889	3750	-0.075101	-108.515287
800	0.017666	3750	-0.078060	-108.593347
801	0.017445	3750	-0.079816	-108.673163
802	0.017225	3750	-0.078250	-108.751413
803	0.017007	3750	-0.076844	-108.828257
804	0.016791	3750	-0.067534	-108.895792
805	0.016577	3750	-0.074159	-108.969951
806	0.016364	3750	-0.081721	-109.051672
807	0.016153	3750	-0.077100	-109.128772
808	0.015943	3750	-0.072784	-109.201556
809	0.015736	3750	-0.082896	-109.284452
810	0.015529	3750	-0.083638	-109.368090
811	0.015325	3750	-0.073005	-109.441094
812	0.015122	3750	-0.060251	-109.501345
813	0.014920	3750	-0.071514	-109.572860
814	0.014721	3750	-0.083262	-109.656121
815	0.014523	3750	-0.078506	-109.734628
816	0.014326	3750	-0.060828	-109.795455
817	0.014131	3750	-0.069567	-109.865023
818	0.013938	3750	-0.083303	-109.948325
819	0.013746	3750	-0.086041	-110.034367
820	0.013556	3750	-0.060750	-110.095116
821	0.013367	3750	-0.060284	-110.155401
822	0.013181	3750	-0.061687	-110.217088
823	0.012995	3750	-0.083081	-110.300169
824	0.012811	3750	-0.074652	-110.374821
825	0.012629	3750	-0.062455	-110.437275
826	0.012448	3750	-0.073944	-110.511219
827	0.012269	3750	-0.085347	-110.596566
828	0.012092	3750	-0.068091	-110.664657
829	0.011916	3750	-0.089876	-110.754533
830	0.011741	3750	-0.074628	-110.829161
831	0.011568	3750	-0.056897	-110.886058
832	0.011397	3750	-0.072569	-110.958628
833	0.011227	3750	-0.096127	-111.054754
834	0.011059	3750	-0.071138	-111.125893
835	0.010892	3750	-0.067095	-111.192988
836	0.010727	3750	-0.082102	-111.275090
837	0.010563	3750	-0.062235	-111.337325
838	0.010401	3750	-0.079235	-111.416560
839	0.010240	3750	-0.065113	-111.481673
840	0.010081	3750	-0.080657	-111.562330
841	0.009923	3750	-0.088294	-111.650624
842	0.009767	3750	-0.093508	-111.744132
843	0.009612	3750	-0.088364	-111.832496
844	0.009459	3750	-0.077493	-111.909989
845	0.009307	3750	-0.081452	-111.991441
846	0.009156	3750	-0.087250	-112.078691
847	0.009008	3750	-0.078379	-112.157070
848	0.008860	3750	-0.081304	-112.238374
849	0.008714	3750	-0.066467	-112.304841
850	0.008570	3750	-0.073834	-112.378675
851	0.008427	3750	-0.081820	-112.460494
852	0.008285	3750	-0.072766	-112.533260
853	0.008145	3750	-0.077964	-112.611224
854	0.008006	3750	-0.061598	-112.672822
855	0.007869	3750	-0.090494	-112.763316
856	0.007733	3750	-0.070093	-112.833410
857	0.007598	3750	-0.078135	-112.911545
858	0.007465	3750	-0.083634	-112.995179
859	0.007334	3750	-0.070826	-113.066004
860	0.007203	3750	-0.074315	-113.140320
861	0.007075	3750	-0.072428	-113.212747
862	0.006947	3750	-0.084729	-113.297476
863	0.006821	3750	-0.078401	-113.375877
864	0.006696	3750	-0.077692	-113.453569
865	0.006573	3750	-0.064414	-113.517984
866	0.006451	3750	-0.085578	-113.603562
867	0.006330	3750	-0.063069	-113.666631
868	0.006211	3750	-0.070947	-113.737578
869	0.006093	3750	-0.070526	-113.808104
870	0.005977	3750	-0.070061	-113.878165
871	0.005862	3750	-0.064362	-113.942528
872	0.005748	3750	-0.084865	-114.027393
873	0.005635	3750	-0.070512	-114.097904
874	0.005524	3750	-0.082214	-114.180119
875	0.005414	3750	-0.068802	-114.248921
876	0.005306	3750	-0.076610	-114.325531
877	0.005199	3750	-0.061963	-114.387495
878	0.005093	3750	-0.073696	-114.461191
879	0.004988	3750	-0.071046	-114.532237
880	0.004885	3750	-0.083099	-114.615336
881	0.004783	3750	-0.052055	-114.667391
882	0.004682	3750	-0.086548	-114.753939
883	0.004583	3750	-0.082899	-114.836837
884	0.004485	3750	-0.073233	-114.910070
885	0.004388	3750	-0.079331	-114.989402
886	0.004292	3750	-0.077286	-115.066688
887	0.004198	3750	-0.058583	-115.125271
888	0.004105	3750	-0.065295	-115.190566
889	0.004013	3750	-0.069560	-115.260126
890	0.003923	3750	-0.077290	-115.337416
891	0.003833	3750	-0.068025	-115.405441
892	0.003745	3750	-0.076950	-115.482391
893	0.003658	3750	-0.076916	-115.559306
894	0.003573	3750	-0.065519	-115.624826
895	0.003488	3750	-0.074499	-115.699324
896	0.003405	3750	-0.056878	-115.756203
897	0.003323	3750	-0.071663	-115.827866
898	0.003242	3750	-0.076686	-115.904551
899	0.003162	3750	-0.072252	-115.976803
900	0.003084	3750	-0.067114	-116.043917
901	0.003007	3750	-0.068665	-116.112582
902	0.002930	3750	-0.068422	-116.181003
903	0.002855	3750	-0.061534	-116.242538
904	0.002782	3750	-0.068083	-116.310621
905	0.002709	3750	-0.066561	-116.377182
906	0.002638	3750	-0.068834	-116.446016
907	0.002567	3750	-0.060355	-116.506371
908	0.002498	3750	-0.069517	-116.575887
909	0.002430	3750	-0.067576	-116.643463
910	0.002363	3750	-0.071530	-116.714994
911	0.002297	3750	-0.062810	-116.777803
912	0.002233	3750	-0.057978	-116.835781
913	0.002169	3750	-0.065797	-116.901578
914	0.002106	3750	-0.069646	-116.971224
915	0.002045	3750	-0.054164	-117.025388
916	0.001985	3750	-0.056876	-117.082263
917	0.001925	3750	-0.052044	-117.134307
918	0.001867	3750	-0.062904	-117.197211
919	0.001810	3750	-0.067545	-117.264757
920	0.001754	3750	-0.060337	-117.325094
921	0.001699	3750	-0.053545	-117.378639
922	0.001645	3750	-0.057102	-117.435741
923	0.001592	3750	-0.055949	-117.491690
924	0.001540	3750	-0.053527	-117.545216
925	0.001490	3750	-0.057319	-117.602535
926	0.001440	3750	-0.064908	-117.667444
927	0.001391	3750	-0.055464	-117.722908
928	0.001343	3750	-0.051653	-117.774561
929	0.001296	3750	-0.058505	-117.833066
930	0.001251	3750	-0.054548	-117.887613
931	0.001206	3750	-0.053986	-117.941599
932	0.001162	3750	-0.051668	-117.993267
933	0.001119	3750	-0.056382	-118.049649
934	0.001077	3750	-0.046511	-118.096160
935	0.001036	3750	-0.047140	-118.143300
936	0.000996	3750	-0.043671	-118.186970
937	0.000957	3750	-0.049783	-118.236754
938	0.000919	3750	-0.045653	-118.282407
939	0.000882	3750	-0.050030	-118.332437
940	0.000846	3750	-0.045853	-118.378290
941	0.000810	3750	-0.045187	-118.423477
942	0.000776	3750	-0.047194	-118.470671
943	0.000742	3750	-0.046893	-118.517565
944	0.000709	3750	-0.042220	-118.559785
945	0.000678	3750	-0.046630	-118.606415
946	0.000647	3750	-0.045789	-118.652203
947	0.000617	3750	-0.045166	-118.697370
948	0.000587	3750	-0.040832	-118.738202
949	0.000559	3750	-0.039637	-118.777839
950	0.000531	3750	-0.041098	-118.818936
951	0.000505	3750	-0.045282	-118.864218
952	0.000479	3750	-0.035255	-118.899473
953	0.000454	3750	-0.046593	-118.946066
954	0.000430	3750	-0.037106	-118.983172
955	0.000406	3750	-0.030285	-119.013457
956	0.000383	3750	-0.034875	-119.048331
957	0.000362	3750	-0.036001	-119.084332
958	0.000340	3750	-0.034186	-119.118517
959	0.000320	3750	-0.034124	-119.152642
960	0.000300	3750	-0.034414	-119.187056
961	0.000281	3750	-0.033959	-119.221015
962	0.000263	3750	-0.030117	-119.251132
963	0.000246	3750	-0.034464	-119.285596
964	0.000229	3750	-0.030311	-119.315907
965	0.000213	3750	-0.024962	-119.340870
966	0.000198	3750	-0.025214	-119.366084
967	0.000183	3750	-0.027852	-119.393936
968	0.000169	3750	-0.025417	-119.419353
969	0.000156	3750	-0.031367	-119.450720
970	0.000143	3750	-0.018258	-119.468978
971	0.000131	3750	-0.021633	-119.490610
972	0.000120	3750	-0.022296	-119.512907
973	0.000109	3750	-0.021799	-119.534705
974	0.000099	3750	-0.017295	-119.552001
975	0.000089	3750	-0.017508	-119.569509
976	0.000080	3750	-0.016583	-119.586092
977	0.000072	3750	-0.018365	-119.604457
978	0.000064	3750	-0.016929	-119.621385
979	0.000057	3750	-0.017594	-119.638980
980	0.000050	3750	-0.011528	-119.650508
981	0.000043	3750	-0.011004	-119.661512
982	0.000038	3750	-0.011825	-119.673337
983	0.000032	3750	-0.012446	-119.685783
984	0.000028	3750	-0.009394	-119.695177
985	0.000023	3750	-0.012998	-119.708175
986	0.000019	3750	-0.010468	-119.718643
987	0.000016	3750	-0.008345	-119.726989
988	0.000013	3750	-0.007609	-119.734598
989	0.000010	3750	-0.005220	-119.739817
990	0.000008	3750	-0.005720	-119.745537
991	0.000006	3750	-0.004932	-119.750468
992	0.000004	3750	-0.005468	-119.755936
993	0.000003	3750	-0.003849	-119.759785
994	0.000002	3750	-0.002699	-119.762484
995	0.000001	3750	-0.004869	-119.767353
996	0.000000	3750	-0.001251	-119.768604
997	0.000000	3750	-0.003763	-119.772367
998	0.000000	3750	-0.003174	-119.775541
999	0.000000	3750	-0.037655	-119.813196
Log marginal likelihood:	-119.813196
