Steppingstone sampler:
        No Stones:                  1000
        Start It:                   11000001
        It Per Stone:               5000
        Sample Freq:                1
        Dist:                       Beta(0.400000,1.000000)
Stone No	Power	N	Stone MLh	Running MLh
0	0.997502	3750	-0.350062	-0.350062
1	0.995007	3750	-0.349181	-0.699243
2	0.992517	3750	-0.349138	-1.048380
3	0.990030	3750	-0.348349	-1.396730
4	0.987547	3750	-0.347914	-1.744643
5	0.985067	3750	-0.347531	-2.092174
6	0.982592	3750	-0.346742	-2.438916
7	0.980120	3750	-0.346366	-2.785283
8	0.977652	3750	-0.346041	-3.131323
9	0.975187	3750	-0.345390	-3.476714
10	0.972726	3750	-0.344709	-3.821423
11	0.970269	3750	-0.344462	-4.165884
12	0.967816	3750	-0.343763	-4.509648
13	0.965367	3750	-0.343525	-4.853173
14	0.962921	3750	-0.342646	-5.195819
15	0.960479	3750	-0.342142	-5.537961
16	0.958040	3750	-0.341647	-5.879608
17	0.955606	3750	-0.341084	-6.220692
18	0.953175	3750	-0.340518	-6.561210
19	0.950747	3750	-0.339979	-6.901189
20	0.948324	3750	-0.339632	-7.240821
21	0.945904	3750	-0.339278	-7.580099
22	0.943488	3750	-0.338512	-7.918611
23	0.941076	3750	-0.337818	-8.256429
24	0.938667	3750	-0.337648	-8.594077
25	0.936262	3750	-0.337088	-8.931165
26	0.933861	3750	-0.336373	-9.267538
27	0.931463	3750	-0.335864	-9.603403
28	0.929069	3750	-0.335508	-9.938911
29	0.926679	3750	-0.334954	-10.273864
30	0.924293	3750	-0.334494	-10.608358
31	0.921910	3750	-0.333849	-10.942208
32	0.919531	3750	-0.333609	-11.275816
33	0.917155	3750	-0.332969	-11.608786
34	0.914783	3750	-0.332970	-11.941755
35	0.912415	3750	-0.332076	-12.273832
36	0.910051	3750	-0.331245	-12.605077
37	0.907690	3750	-0.330790	-12.935867
38	0.905333	3750	-0.330471	-13.266338
39	0.902980	3750	-0.329922	-13.596260
40	0.900630	3750	-0.329577	-13.925836
41	0.898284	3750	-0.328692	-14.254528
42	0.895942	3750	-0.328331	-14.582859
43	0.893603	3750	-0.327978	-14.910837
44	0.891268	3750	-0.327309	-15.238146
45	0.888937	3750	-0.326917	-15.565063
46	0.886609	3750	-0.326771	-15.891834
47	0.884285	3750	-0.326166	-16.218000
48	0.881965	3750	-0.325723	-16.543723
49	0.879648	3750	-0.324879	-16.868603
50	0.877335	3750	-0.324480	-17.193082
51	0.875026	3750	-0.323995	-17.517077
52	0.872720	3750	-0.323172	-17.840249
53	0.870418	3750	-0.323126	-18.163376
54	0.868120	3750	-0.322417	-18.485793
55	0.865825	3750	-0.322225	-18.808018
56	0.863534	3750	-0.321296	-19.129313
57	0.861246	3750	-0.321009	-19.450323
58	0.858962	3750	-0.320333	-19.770656
59	0.856682	3750	-0.319413	-20.090069
60	0.854405	3750	-0.319122	-20.409191
61	0.852132	3750	-0.318923	-20.728114
62	0.849863	3750	-0.317954	-21.046068
63	0.847597	3750	-0.317693	-21.363761
64	0.845335	3750	-0.317474	-21.681235
65	0.843077	3750	-0.316880	-21.998116
66	0.840822	3750	-0.316605	-22.314721
67	0.838571	3750	-0.315636	-22.630357
68	0.836323	3750	-0.315465	-22.945821
69	0.834079	3750	-0.314810	-23.260631
70	0.831839	3750	-0.314159	-23.574791
71	0.829602	3750	-0.314093	-23.888883
72	0.827369	3750	-0.313304	-24.202187
73	0.825140	3750	-0.312821	-24.515007
74	0.822914	3750	-0.312249	-24.827257
75	0.820691	3750	-0.312014	-25.139271
76	0.818473	3750	-0.311186	-25.450457
77	0.816258	3750	-0.310665	-25.761122
78	0.814046	3750	-0.310390	-26.071511
79	0.811838	3750	-0.309958	-26.381469
80	0.809634	3750	-0.309373	-26.690842
81	0.807433	3750	-0.309198	-27.000039
82	0.805236	3750	-0.308195	-27.308235
83	0.803043	3750	-0.307752	-27.615986
84	0.800853	3750	-0.307277	-27.923264
85	0.798667	3750	-0.306934	-28.230198
86	0.796484	3750	-0.306374	-28.536572
87	0.794305	3750	-0.305602	-28.842174
88	0.792129	3750	-0.305457	-29.147630
89	0.789957	3750	-0.305033	-29.452663
90	0.787789	3750	-0.304652	-29.757316
91	0.785624	3750	-0.303924	-30.061240
92	0.783463	3750	-0.303156	-30.364396
93	0.781305	3750	-0.303052	-30.667448
94	0.779151	3750	-0.302263	-30.969711
95	0.777000	3750	-0.301700	-31.271412
96	0.774853	3750	-0.301367	-31.572779
97	0.772710	3750	-0.300957	-31.873736
98	0.770570	3750	-0.300713	-32.174449
99	0.768433	3750	-0.299713	-32.474162
100	0.766301	3750	-0.299252	-32.773414
101	0.764172	3750	-0.299158	-33.072572
102	0.762046	3750	-0.298459	-33.371031
103	0.759924	3750	-0.298325	-33.669356
104	0.757805	3750	-0.297843	-33.967199
105	0.755690	3750	-0.297053	-34.264252
106	0.753579	3750	-0.296600	-34.560852
107	0.751471	3750	-0.296382	-34.857233
108	0.749366	3750	-0.295467	-35.152700
109	0.747266	3750	-0.294830	-35.447530
110	0.745168	3750	-0.294337	-35.741866
111	0.743075	3750	-0.294204	-36.036070
112	0.740984	3750	-0.293651	-36.329721
113	0.738898	3750	-0.293128	-36.622849
114	0.736815	3750	-0.292551	-36.915399
115	0.734735	3750	-0.291969	-37.207369
116	0.732659	3750	-0.291283	-37.498652
117	0.730586	3750	-0.291013	-37.789665
118	0.728517	3750	-0.290439	-38.080105
119	0.726452	3750	-0.290014	-38.370118
120	0.724390	3750	-0.289746	-38.659864
121	0.722331	3750	-0.289525	-38.949389
122	0.720276	3750	-0.288731	-39.238119
123	0.718225	3750	-0.288291	-39.526410
124	0.716177	3750	-0.288034	-39.814444
125	0.714132	3750	-0.287451	-40.101895
126	0.712091	3750	-0.286790	-40.388685
127	0.710054	3750	-0.286206	-40.674892
128	0.708020	3750	-0.285632	-40.960524
129	0.705989	3750	-0.285351	-41.245875
130	0.703962	3750	-0.285327	-41.531202
131	0.701939	3750	-0.284279	-41.815481
132	0.699919	3750	-0.283960	-42.099442
133	0.697902	3750	-0.283229	-42.382671
134	0.695889	3750	-0.282793	-42.665464
135	0.693880	3750	-0.282181	-42.947645
136	0.691874	3750	-0.281791	-43.229436
137	0.689871	3750	-0.281770	-43.511207
138	0.687872	3750	-0.280940	-43.792146
139	0.685877	3750	-0.280435	-44.072582
140	0.683885	3750	-0.280163	-44.352745
141	0.681896	3750	-0.279764	-44.632509
142	0.679911	3750	-0.279148	-44.911657
143	0.677929	3750	-0.278683	-45.190340
144	0.675951	3750	-0.278392	-45.468732
145	0.673976	3750	-0.277425	-45.746157
146	0.672005	3750	-0.277127	-46.023284
147	0.670037	3750	-0.276328	-46.299612
148	0.668073	3750	-0.275984	-46.575596
149	0.666112	3750	-0.275921	-46.851517
150	0.664155	3750	-0.275079	-47.126596
151	0.662201	3750	-0.274602	-47.401198
152	0.660250	3750	-0.274064	-47.675261
153	0.658303	3750	-0.273885	-47.949146
154	0.656359	3750	-0.273361	-48.222507
155	0.654419	3750	-0.272740	-48.495247
156	0.652483	3750	-0.272483	-48.767730
157	0.650549	3750	-0.271713	-49.039443
158	0.648619	3750	-0.271773	-49.311216
159	0.646693	3750	-0.270845	-49.582061
160	0.644770	3750	-0.270653	-49.852714
161	0.642851	3750	-0.270151	-50.122865
162	0.640934	3750	-0.269634	-50.392500
163	0.639022	3750	-0.269152	-50.661651
164	0.637113	3750	-0.268670	-50.930321
165	0.635207	3750	-0.268418	-51.198739
166	0.633304	3750	-0.267388	-51.466127
167	0.631405	3750	-0.267047	-51.733173
168	0.629510	3750	-0.266829	-52.000002
169	0.627618	3750	-0.266298	-52.266300
170	0.625729	3750	-0.265747	-52.532047
171	0.623844	3750	-0.265086	-52.797133
172	0.621962	3750	-0.264944	-53.062077
173	0.620083	3750	-0.264415	-53.326492
174	0.618208	3750	-0.263556	-53.590049
175	0.616337	3750	-0.263339	-53.853388
176	0.614468	3750	-0.262825	-54.116213
177	0.612604	3750	-0.262761	-54.378974
178	0.610742	3750	-0.261789	-54.640762
179	0.608884	3750	-0.261872	-54.902634
180	0.607029	3750	-0.261138	-55.163772
181	0.605178	3750	-0.260977	-55.424749
182	0.603330	3750	-0.260190	-55.684939
183	0.601486	3750	-0.259686	-55.944624
184	0.599645	3750	-0.258995	-56.203620
185	0.597807	3750	-0.259151	-56.462771
186	0.595973	3750	-0.258126	-56.720897
187	0.594142	3750	-0.257685	-56.978583
188	0.592314	3750	-0.257397	-57.235980
189	0.590490	3750	-0.256763	-57.492743
190	0.588669	3750	-0.256684	-57.749427
191	0.586852	3750	-0.255936	-58.005362
192	0.585038	3750	-0.255370	-58.260732
193	0.583227	3750	-0.255083	-58.515815
194	0.581420	3750	-0.254482	-58.770297
195	0.579616	3750	-0.254122	-59.024419
196	0.577815	3750	-0.253856	-59.278275
197	0.576018	3750	-0.253151	-59.531426
198	0.574224	3750	-0.252804	-59.784230
199	0.572433	3750	-0.252371	-60.036601
200	0.570646	3750	-0.251699	-60.288300
201	0.568862	3750	-0.251225	-60.539525
202	0.567082	3750	-0.250650	-60.790175
203	0.565305	3750	-0.250477	-61.040652
204	0.563531	3750	-0.250020	-61.290671
205	0.561761	3750	-0.249453	-61.540125
206	0.559993	3750	-0.248840	-61.788965
207	0.558230	3750	-0.248741	-62.037706
208	0.556469	3750	-0.248197	-62.285903
209	0.554712	3750	-0.247441	-62.533344
210	0.552958	3750	-0.247017	-62.780362
211	0.551208	3750	-0.246596	-63.026958
212	0.549461	3750	-0.246270	-63.273227
213	0.547717	3750	-0.245699	-63.518926
214	0.545977	3750	-0.245330	-63.764256
215	0.544240	3750	-0.244796	-64.009053
216	0.542506	3750	-0.244320	-64.253373
217	0.540775	3750	-0.243599	-64.496972
218	0.539048	3750	-0.243413	-64.740385
219	0.537324	3750	-0.243052	-64.983437
220	0.535604	3750	-0.242458	-65.225895
221	0.533887	3750	-0.242285	-65.468180
222	0.532173	3750	-0.241617	-65.709797
223	0.530462	3750	-0.241138	-65.950935
224	0.528755	3750	-0.240582	-66.191517
225	0.527051	3750	-0.240231	-66.431748
226	0.525350	3750	-0.239704	-66.671452
227	0.523653	3750	-0.239443	-66.910895
228	0.521958	3750	-0.239175	-67.150070
229	0.520268	3750	-0.238607	-67.388677
230	0.518580	3750	-0.237748	-67.626425
231	0.516896	3750	-0.237496	-67.863921
232	0.515215	3750	-0.237016	-68.100936
233	0.513537	3750	-0.236603	-68.337540
234	0.511863	3750	-0.236136	-68.573676
235	0.510192	3750	-0.236039	-68.809715
236	0.508524	3750	-0.235480	-69.045194
237	0.506859	3750	-0.234985	-69.280179
238	0.505198	3750	-0.234423	-69.514603
239	0.503540	3750	-0.233953	-69.748556
240	0.501885	3750	-0.233529	-69.982084
241	0.500234	3750	-0.233134	-70.215219
242	0.498586	3750	-0.232374	-70.447593
243	0.496941	3750	-0.232137	-70.679730
244	0.495299	3750	-0.231737	-70.911467
245	0.493660	3750	-0.230976	-71.142443
246	0.492025	3750	-0.230666	-71.373109
247	0.490393	3750	-0.230725	-71.603835
248	0.488765	3750	-0.230140	-71.833975
249	0.487139	3750	-0.229287	-72.063262
250	0.485517	3750	-0.228760	-72.292022
251	0.483898	3750	-0.228987	-72.521009
252	0.482283	3750	-0.227779	-72.748788
253	0.480670	3750	-0.227702	-72.976490
254	0.479061	3750	-0.227518	-73.204008
255	0.477455	3750	-0.226793	-73.430801
256	0.475852	3750	-0.226597	-73.657397
257	0.474253	3750	-0.225869	-73.883266
258	0.472656	3750	-0.225137	-74.108403
259	0.471063	3750	-0.225190	-74.333593
260	0.469474	3750	-0.224630	-74.558223
261	0.467887	3750	-0.223943	-74.782167
262	0.466304	3750	-0.223692	-75.005859
263	0.464723	3750	-0.223443	-75.229302
264	0.463146	3750	-0.222589	-75.451890
265	0.461573	3750	-0.222664	-75.674554
266	0.460002	3750	-0.222196	-75.896750
267	0.458435	3750	-0.221633	-76.118383
268	0.456871	3750	-0.220848	-76.339231
269	0.455310	3750	-0.220419	-76.559650
270	0.453752	3750	-0.219955	-76.779605
271	0.452198	3750	-0.219687	-76.999292
272	0.450647	3750	-0.219398	-77.218690
273	0.449098	3750	-0.218827	-77.437517
274	0.447554	3750	-0.218699	-77.656216
275	0.446012	3750	-0.217984	-77.874200
276	0.444473	3750	-0.217215	-78.091415
277	0.442938	3750	-0.216948	-78.308363
278	0.441406	3750	-0.216682	-78.525045
279	0.439877	3750	-0.216059	-78.741104
280	0.438351	3750	-0.215997	-78.957101
281	0.436829	3750	-0.215312	-79.172413
282	0.435309	3750	-0.214848	-79.387261
283	0.433793	3750	-0.214362	-79.601622
284	0.432280	3750	-0.214230	-79.815852
285	0.430770	3750	-0.213567	-80.029420
286	0.429263	3750	-0.213158	-80.242578
287	0.427760	3750	-0.212668	-80.455246
288	0.426259	3750	-0.212000	-80.667246
289	0.424762	3750	-0.211954	-80.879200
290	0.423268	3750	-0.211803	-81.091003
291	0.421777	3750	-0.210909	-81.301913
292	0.420289	3750	-0.210781	-81.512693
293	0.418805	3750	-0.210112	-81.722806
294	0.417323	3750	-0.209351	-81.932156
295	0.415845	3750	-0.209536	-82.141692
296	0.414370	3750	-0.208692	-82.350384
297	0.412898	3750	-0.208263	-82.558648
298	0.411429	3750	-0.207914	-82.766562
299	0.409963	3750	-0.207782	-82.974344
300	0.408501	3750	-0.207050	-83.181394
301	0.407041	3750	-0.206519	-83.387913
302	0.405585	3750	-0.206159	-83.594071
303	0.404132	3750	-0.205830	-83.799901
304	0.402682	3750	-0.205271	-84.005172
305	0.401235	3750	-0.205029	-84.210201
306	0.399791	3750	-0.204297	-84.414497
307	0.398350	3750	-0.204203	-84.618700
308	0.396913	3750	-0.203715	-84.822415
309	0.395478	3750	-0.203518	-85.025934
310	0.394047	3750	-0.202901	-85.228835
311	0.392619	3750	-0.202232	-85.431067
312	0.391194	3750	-0.202060	-85.633127
313	0.389772	3750	-0.201428	-85.834555
314	0.388353	3750	-0.201350	-86.035904
315	0.386937	3750	-0.200454	-86.236358
316	0.385524	3750	-0.200193	-86.436551
317	0.384115	3750	-0.199666	-86.636217
318	0.382708	3750	-0.199564	-86.835781
319	0.381305	3750	-0.198935	-87.034716
320	0.379904	3750	-0.198283	-87.232999
321	0.378507	3750	-0.197883	-87.430882
322	0.377113	3750	-0.197773	-87.628656
323	0.375722	3750	-0.197181	-87.825837
324	0.374334	3750	-0.196613	-88.022450
325	0.372949	3750	-0.196474	-88.218924
326	0.371567	3750	-0.195895	-88.414819
327	0.370189	3750	-0.196007	-88.610826
328	0.368813	3750	-0.195250	-88.806075
329	0.367440	3750	-0.195042	-89.001117
330	0.366071	3750	-0.194417	-89.195534
331	0.364705	3750	-0.194206	-89.389740
332	0.363341	3750	-0.193718	-89.583458
333	0.361981	3750	-0.193223	-89.776681
334	0.360624	3750	-0.192880	-89.969560
335	0.359269	3750	-0.191964	-90.161524
336	0.357918	3750	-0.192016	-90.353541
337	0.356570	3750	-0.191517	-90.545058
338	0.355225	3750	-0.191261	-90.736319
339	0.353883	3750	-0.190555	-90.926874
340	0.352544	3750	-0.190235	-91.117109
341	0.351208	3750	-0.189660	-91.306770
342	0.349875	3750	-0.189311	-91.496080
343	0.348546	3750	-0.189096	-91.685176
344	0.347219	3750	-0.188703	-91.873879
345	0.345895	3750	-0.188507	-92.062386
346	0.344574	3750	-0.187359	-92.249745
347	0.343257	3750	-0.187183	-92.436928
348	0.341942	3750	-0.187165	-92.624093
349	0.340630	3750	-0.186436	-92.810529
350	0.339322	3750	-0.186560	-92.997089
351	0.338016	3750	-0.185987	-93.183075
352	0.336714	3750	-0.184915	-93.367991
353	0.335414	3750	-0.184858	-93.552849
354	0.334118	3750	-0.184284	-93.737134
355	0.332824	3750	-0.183609	-93.920743
356	0.331534	3750	-0.183658	-94.104401
357	0.330246	3750	-0.183271	-94.287672
358	0.328962	3750	-0.182173	-94.469845
359	0.327680	3750	-0.182365	-94.652210
360	0.326401	3750	-0.181921	-94.834130
361	0.325126	3750	-0.181436	-95.015566
362	0.323853	3750	-0.181060	-95.196625
363	0.322584	3750	-0.181007	-95.377632
364	0.321317	3750	-0.180435	-95.558067
365	0.320054	3750	-0.180496	-95.738563
366	0.318793	3750	-0.179574	-95.918137
367	0.317536	3750	-0.179019	-96.097156
368	0.316281	3750	-0.178522	-96.275678
369	0.315030	3750	-0.178277	-96.453954
370	0.313781	3750	-0.177612	-96.631566
371	0.312535	3750	-0.177343	-96.808910
372	0.311293	3750	-0.176968	-96.985878
373	0.310053	3750	-0.176762	-97.162640
374	0.308816	3750	-0.176033	-97.338672
375	0.307582	3750	-0.175925	-97.514598
376	0.306352	3750	-0.175608	-97.690206
377	0.305124	3750	-0.174975	-97.865181
378	0.303899	3750	-0.174279	-98.039460
379	0.302677	3750	-0.174002	-98.213462
380	0.301458	3750	-0.173602	-98.387064
381	0.300242	3750	-0.173485	-98.560549
382	0.299029	3750	-0.173199	-98.733748
383	0.297819	3750	-0.172376	-98.906124
384	0.296611	3750	-0.172125	-99.078248
385	0.295407	3750	-0.171976	-99.250224
386	0.294206	3750	-0.171555	-99.421779
387	0.293007	3750	-0.170924	-99.592703
388	0.291812	3750	-0.170708	-99.763411
389	0.290619	3750	-0.170185	-99.933597
390	0.289430	3750	-0.169885	-100.103482
391	0.288243	3750	-0.169371	-100.272853
392	0.287059	3750	-0.169032	-100.441885
393	0.285879	3750	-0.168653	-100.610538
394	0.284701	3750	-0.168149	-100.778687
395	0.283526	3750	-0.168002	-100.946689
396	0.282354	3750	-0.167140	-101.113829
397	0.281184	3750	-0.166832	-101.280660
398	0.280018	3750	-0.166752	-101.447413
399	0.278855	3750	-0.166168	-101.613581
400	0.277694	3750	-0.165650	-101.779231
401	0.276537	3750	-0.165553	-101.944784
402	0.275382	3750	-0.165133	-102.109917
403	0.274230	3750	-0.164614	-102.274531
404	0.273082	3750	-0.164259	-102.438791
405	0.271936	3750	-0.163706	-102.602497
406	0.270793	3750	-0.163270	-102.765766
407	0.269652	3750	-0.163185	-102.928951
408	0.268515	3750	-0.162337	-103.091288
409	0.267381	3750	-0.162017	-103.253305
410	0.266249	3750	-0.161708	-103.415013
411	0.265121	3750	-0.161650	-103.576663
412	0.263995	3750	-0.160986	-103.737649
413	0.262872	3750	-0.160517	-103.898166
414	0.261752	3750	-0.160471	-104.058637
415	0.260635	3750	-0.160016	-104.218653
416	0.259520	3750	-0.159552	-104.378205
417	0.258409	3750	-0.158925	-104.537130
418	0.257300	3750	-0.159135	-104.696265
419	0.256195	3750	-0.158015	-104.854280
420	0.255092	3750	-0.158328	-105.012607
421	0.253992	3750	-0.157523	-105.170130
422	0.252895	3750	-0.157341	-105.327471
423	0.251800	3750	-0.156373	-105.483844
424	0.250709	3750	-0.157014	-105.640858
425	0.249620	3750	-0.155969	-105.796827
426	0.248534	3750	-0.155245	-105.952072
427	0.247451	3750	-0.155621	-106.107693
428	0.246371	3750	-0.154874	-106.262567
429	0.245294	3750	-0.154618	-106.417185
430	0.244220	3750	-0.154340	-106.571525
431	0.243148	3750	-0.153371	-106.724896
432	0.242079	3750	-0.153164	-106.878060
433	0.241013	3750	-0.152749	-107.030809
434	0.239950	3750	-0.153037	-107.183845
435	0.238890	3750	-0.152090	-107.335935
436	0.237832	3750	-0.151990	-107.487925
437	0.236778	3750	-0.151291	-107.639216
438	0.235726	3750	-0.150714	-107.789930
439	0.234677	3750	-0.150258	-107.940188
440	0.233630	3750	-0.149841	-108.090029
441	0.232587	3750	-0.149900	-108.239930
442	0.231546	3750	-0.149376	-108.389306
443	0.230509	3750	-0.149046	-108.538352
444	0.229473	3750	-0.149497	-108.687849
445	0.228441	3750	-0.148568	-108.836417
446	0.227412	3750	-0.148079	-108.984496
447	0.226385	3750	-0.147287	-109.131783
448	0.225361	3750	-0.147518	-109.279301
449	0.224340	3750	-0.146399	-109.425700
450	0.223322	3750	-0.146972	-109.572672
451	0.222306	3750	-0.146260	-109.718932
452	0.221293	3750	-0.145615	-109.864547
453	0.220283	3750	-0.145115	-110.009662
454	0.219276	3750	-0.144657	-110.154320
455	0.218272	3750	-0.145093	-110.299413
456	0.217270	3750	-0.144268	-110.443681
457	0.216271	3750	-0.144388	-110.588069
458	0.215275	3750	-0.143744	-110.731813
459	0.214281	3750	-0.142972	-110.874784
460	0.213291	3750	-0.142567	-111.017352
461	0.212303	3750	-0.142503	-111.159855
462	0.211318	3750	-0.141427	-111.301282
463	0.210335	3750	-0.141264	-111.442545
464	0.209356	3750	-0.140954	-111.583499
465	0.208379	3750	-0.141168	-111.724667
466	0.207404	3750	-0.140516	-111.865184
467	0.206433	3750	-0.140276	-112.005459
468	0.205464	3750	-0.139580	-112.145039
469	0.204498	3750	-0.139797	-112.284836
470	0.203535	3750	-0.139192	-112.424028
471	0.202575	3750	-0.138588	-112.562616
472	0.201617	3750	-0.138528	-112.701144
473	0.200662	3750	-0.138017	-112.839161
474	0.199709	3750	-0.137591	-112.976753
475	0.198760	3750	-0.137683	-113.114436
476	0.197813	3750	-0.137466	-113.251902
477	0.196869	3750	-0.136788	-113.388689
478	0.195927	3750	-0.136041	-113.524730
479	0.194988	3750	-0.136033	-113.660763
480	0.194052	3750	-0.135468	-113.796231
481	0.193119	3750	-0.135156	-113.931387
482	0.192188	3750	-0.134242	-114.065629
483	0.191260	3750	-0.134616	-114.200245
484	0.190335	3750	-0.134026	-114.334271
485	0.189412	3750	-0.133680	-114.467951
486	0.188492	3750	-0.132876	-114.600826
487	0.187575	3750	-0.132800	-114.733626
488	0.186660	3750	-0.132413	-114.866039
489	0.185749	3750	-0.131931	-114.997969
490	0.184839	3750	-0.130950	-115.128919
491	0.183933	3750	-0.130855	-115.259775
492	0.183029	3750	-0.131475	-115.391250
493	0.182128	3750	-0.130497	-115.521747
494	0.181229	3750	-0.130722	-115.652469
495	0.180333	3750	-0.130243	-115.782712
496	0.179440	3750	-0.129349	-115.912061
497	0.178550	3750	-0.129519	-116.041580
498	0.177662	3750	-0.129150	-116.170730
499	0.176777	3750	-0.128324	-116.299054
500	0.175894	3750	-0.128040	-116.427094
501	0.175014	3750	-0.128147	-116.555241
502	0.174137	3750	-0.127562	-116.682803
503	0.173262	3750	-0.127361	-116.810164
504	0.172390	3750	-0.126875	-116.937039
505	0.171521	3750	-0.126899	-117.063938
506	0.170654	3750	-0.125770	-117.189708
507	0.169790	3750	-0.125726	-117.315433
508	0.168929	3750	-0.124973	-117.440406
509	0.168070	3750	-0.125153	-117.565559
510	0.167214	3750	-0.124964	-117.690523
511	0.166360	3750	-0.124416	-117.814939
512	0.165509	3750	-0.123842	-117.938781
513	0.164661	3750	-0.123222	-118.062003
514	0.163815	3750	-0.123428	-118.185431
515	0.162972	3750	-0.122911	-118.308341
516	0.162132	3750	-0.122711	-118.431053
517	0.161294	3750	-0.122359	-118.553412
518	0.160458	3750	-0.121687	-118.675099
519	0.159626	3750	-0.121075	-118.796173
520	0.158796	3750	-0.120868	-118.917042
521	0.157968	3750	-0.121183	-119.038224
522	0.157143	3750	-0.120567	-119.158792
523	0.156321	3750	-0.120683	-119.279475
524	0.155501	3750	-0.119614	-119.399089
525	0.154684	3750	-0.118695	-119.517784
526	0.153870	3750	-0.118639	-119.636423
527	0.153058	3750	-0.118131	-119.754555
528	0.152248	3750	-0.118835	-119.873390
529	0.151441	3750	-0.118520	-119.991910
530	0.150637	3750	-0.118315	-120.110224
531	0.149835	3750	-0.116869	-120.227093
532	0.149036	3750	-0.116999	-120.344093
533	0.148240	3750	-0.117126	-120.461219
534	0.147446	3750	-0.116800	-120.578019
535	0.146654	3750	-0.116116	-120.694135
536	0.145865	3750	-0.115683	-120.809818
537	0.145079	3750	-0.115641	-120.925458
538	0.144295	3750	-0.114929	-121.040388
539	0.143514	3750	-0.114258	-121.154645
540	0.142735	3750	-0.114013	-121.268658
541	0.141959	3750	-0.114048	-121.382705
542	0.141186	3750	-0.113846	-121.496551
543	0.140415	3750	-0.112989	-121.609541
544	0.139646	3750	-0.113528	-121.723069
545	0.138880	3750	-0.112550	-121.835619
546	0.138116	3750	-0.112267	-121.947885
547	0.137356	3750	-0.111552	-122.059438
548	0.136597	3750	-0.111590	-122.171028
549	0.135841	3750	-0.111577	-122.282605
550	0.135088	3750	-0.111034	-122.393639
551	0.134337	3750	-0.111797	-122.505436
552	0.133588	3750	-0.110099	-122.615534
553	0.132843	3750	-0.109865	-122.725399
554	0.132099	3750	-0.109294	-122.834693
555	0.131358	3750	-0.109352	-122.944045
556	0.130620	3750	-0.109284	-123.053329
557	0.129884	3750	-0.108694	-123.162023
558	0.129151	3750	-0.108565	-123.270588
559	0.128420	3750	-0.107538	-123.378126
560	0.127691	3750	-0.108043	-123.486169
561	0.126965	3750	-0.107232	-123.593402
562	0.126242	3750	-0.106815	-123.700217
563	0.125521	3750	-0.106955	-123.807172
564	0.124802	3750	-0.106949	-123.914121
565	0.124086	3750	-0.107095	-124.021217
566	0.123373	3750	-0.106782	-124.127999
567	0.122662	3750	-0.105992	-124.233990
568	0.121953	3750	-0.105212	-124.339202
569	0.121247	3750	-0.104891	-124.444094
570	0.120543	3750	-0.104367	-124.548461
571	0.119842	3750	-0.105122	-124.653583
572	0.119143	3750	-0.103892	-124.757475
573	0.118447	3750	-0.104060	-124.861535
574	0.117753	3750	-0.103909	-124.965444
575	0.117062	3750	-0.102820	-125.068264
576	0.116373	3750	-0.102328	-125.170592
577	0.115686	3750	-0.102729	-125.273321
578	0.115002	3750	-0.102194	-125.375515
579	0.114320	3750	-0.101427	-125.476942
580	0.113641	3750	-0.101280	-125.578222
581	0.112964	3750	-0.100569	-125.678791
582	0.112290	3750	-0.101117	-125.779908
583	0.111618	3750	-0.100715	-125.880622
584	0.110948	3750	-0.099647	-125.980269
585	0.110281	3750	-0.100471	-126.080740
586	0.109616	3750	-0.099083	-126.179823
587	0.108954	3750	-0.099276	-126.279099
588	0.108294	3750	-0.099073	-126.378173
589	0.107637	3750	-0.098759	-126.476932
590	0.106981	3750	-0.098065	-126.574997
591	0.106329	3750	-0.097700	-126.672698
592	0.105678	3750	-0.097458	-126.770156
593	0.105030	3750	-0.097878	-126.868034
594	0.104385	3750	-0.097025	-126.965059
595	0.103742	3750	-0.097685	-127.062744
596	0.103101	3750	-0.096712	-127.159455
597	0.102463	3750	-0.096273	-127.255728
598	0.101827	3750	-0.096231	-127.351958
599	0.101193	3750	-0.096836	-127.448794
600	0.100562	3750	-0.095121	-127.543915
601	0.099933	3750	-0.094642	-127.638557
602	0.099306	3750	-0.094215	-127.732771
603	0.098682	3750	-0.094193	-127.826965
604	0.098060	3750	-0.093716	-127.920680
605	0.097441	3750	-0.093467	-128.014147
606	0.096824	3750	-0.093393	-128.107540
607	0.096209	3750	-0.092844	-128.200384
608	0.095596	3750	-0.092389	-128.292773
609	0.094986	3750	-0.091580	-128.384353
610	0.094379	3750	-0.091971	-128.476324
611	0.093773	3750	-0.093397	-128.569721
612	0.093170	3750	-0.092124	-128.661845
613	0.092570	3750	-0.091873	-128.753718
614	0.091971	3750	-0.091082	-128.844800
615	0.091375	3750	-0.089975	-128.934775
616	0.090781	3750	-0.090094	-129.024869
617	0.090190	3750	-0.089776	-129.114645
618	0.089601	3750	-0.090100	-129.204745
619	0.089014	3750	-0.089556	-129.294301
620	0.088430	3750	-0.089199	-129.383500
621	0.087848	3750	-0.089089	-129.472588
622	0.087268	3750	-0.089508	-129.562096
623	0.086690	3750	-0.088313	-129.650409
624	0.086115	3750	-0.088375	-129.738784
625	0.085542	3750	-0.087612	-129.826396
626	0.084971	3750	-0.087656	-129.914052
627	0.084403	3750	-0.086476	-130.000528
628	0.083837	3750	-0.086445	-130.086973
629	0.083273	3750	-0.086973	-130.173946
630	0.082712	3750	-0.087192	-130.261138
631	0.082152	3750	-0.085969	-130.347107
632	0.081595	3750	-0.085545	-130.432652
633	0.081041	3750	-0.084998	-130.517650
634	0.080488	3750	-0.087601	-130.605251
635	0.079938	3750	-0.085691	-130.690943
636	0.079390	3750	-0.085684	-130.776627
637	0.078845	3750	-0.084090	-130.860717
638	0.078301	3750	-0.083693	-130.944410
639	0.077760	3750	-0.084390	-131.028800
640	0.077221	3750	-0.083250	-131.112050
641	0.076684	3750	-0.083920	-131.195970
642	0.076150	3750	-0.083552	-131.279522
643	0.075618	3750	-0.082895	-131.362417
644	0.075088	3750	-0.082301	-131.444718
645	0.074560	3750	-0.081941	-131.526659
646	0.074035	3750	-0.081766	-131.608426
647	0.073512	3750	-0.083179	-131.691605
648	0.072991	3750	-0.081370	-131.772975
649	0.072472	3750	-0.081358	-131.854333
650	0.071955	3750	-0.081089	-131.935423
651	0.071441	3750	-0.080756	-132.016179
652	0.070929	3750	-0.080248	-132.096427
653	0.070419	3750	-0.081029	-132.177456
654	0.069911	3750	-0.079885	-132.257341
655	0.069406	3750	-0.080189	-132.337530
656	0.068903	3750	-0.079319	-132.416849
657	0.068401	3750	-0.081218	-132.498067
658	0.067903	3750	-0.079241	-132.577307
659	0.067406	3750	-0.079740	-132.657047
660	0.066911	3750	-0.077797	-132.734844
661	0.066419	3750	-0.077724	-132.812567
662	0.065929	3750	-0.078710	-132.891278
663	0.065441	3750	-0.078741	-132.970018
664	0.064955	3750	-0.078033	-133.048051
665	0.064471	3750	-0.077246	-133.125297
666	0.063990	3750	-0.075933	-133.201230
667	0.063510	3750	-0.076109	-133.277339
668	0.063033	3750	-0.076859	-133.354198
669	0.062558	3750	-0.076331	-133.430528
670	0.062085	3750	-0.075317	-133.505845
671	0.061615	3750	-0.075808	-133.581653
672	0.061146	3750	-0.074673	-133.656325
673	0.060680	3750	-0.075197	-133.731523
674	0.060216	3750	-0.073716	-133.805239
675	0.059753	3750	-0.074142	-133.879381
676	0.059293	3750	-0.074990	-133.954371
677	0.058836	3750	-0.073340	-134.027711
678	0.058380	3750	-0.074545	-134.102256
679	0.057926	3750	-0.074003	-134.176259
680	0.057475	3750	-0.073669	-134.249928
681	0.057025	3750	-0.074254	-134.324181
682	0.056578	3750	-0.072764	-134.396945
683	0.056133	3750	-0.072706	-134.469651
684	0.055690	3750	-0.074119	-134.543770
685	0.055249	3750	-0.073436	-134.617206
686	0.054810	3750	-0.071945	-134.689150
687	0.054373	3750	-0.072643	-134.761793
688	0.053939	3750	-0.071463	-134.833256
689	0.053506	3750	-0.070117	-134.903373
690	0.053076	3750	-0.069840	-134.973213
691	0.052647	3750	-0.070766	-135.043980
692	0.052221	3750	-0.071645	-135.115625
693	0.051797	3750	-0.069164	-135.184789
694	0.051375	3750	-0.069528	-135.254318
695	0.050955	3750	-0.071147	-135.325465
696	0.050537	3750	-0.069837	-135.395301
697	0.050121	3750	-0.069402	-135.464703
698	0.049707	3750	-0.069797	-135.534500
699	0.049295	3750	-0.068650	-135.603150
700	0.048885	3750	-0.068378	-135.671528
701	0.048478	3750	-0.068611	-135.740140
702	0.048072	3750	-0.068354	-135.808494
703	0.047668	3750	-0.068682	-135.877175
704	0.047267	3750	-0.067650	-135.944825
705	0.046867	3750	-0.068932	-136.013757
706	0.046470	3750	-0.067566	-136.081323
707	0.046074	3750	-0.067847	-136.149170
708	0.045681	3750	-0.067687	-136.216857
709	0.045289	3750	-0.067435	-136.284292
710	0.044900	3750	-0.067723	-136.352015
711	0.044512	3750	-0.067398	-136.419413
712	0.044127	3750	-0.070274	-136.489687
713	0.043744	3750	-0.065797	-136.555484
714	0.043362	3750	-0.066580	-136.622064
715	0.042983	3750	-0.067520	-136.689584
716	0.042606	3750	-0.066098	-136.755682
717	0.042230	3750	-0.064109	-136.819791
718	0.041857	3750	-0.064822	-136.884612
719	0.041485	3750	-0.067263	-136.951876
720	0.041116	3750	-0.066856	-137.018732
721	0.040749	3750	-0.067093	-137.085825
722	0.040383	3750	-0.064257	-137.150082
723	0.040020	3750	-0.064579	-137.214661
724	0.039658	3750	-0.065266	-137.279928
725	0.039299	3750	-0.065066	-137.344994
726	0.038941	3750	-0.063251	-137.408245
727	0.038585	3750	-0.065492	-137.473737
728	0.038232	3750	-0.065788	-137.539526
729	0.037880	3750	-0.062692	-137.602218
730	0.037530	3750	-0.063084	-137.665303
731	0.037182	3750	-0.063223	-137.728525
732	0.036836	3750	-0.063378	-137.791904
733	0.036493	3750	-0.061581	-137.853484
734	0.036151	3750	-0.065598	-137.919082
735	0.035810	3750	-0.064079	-137.983161
736	0.035472	3750	-0.064255	-138.047416
737	0.035136	3750	-0.064030	-138.111446
738	0.034802	3750	-0.061768	-138.173215
739	0.034469	3750	-0.061063	-138.234278
740	0.034139	3750	-0.060853	-138.295131
741	0.033810	3750	-0.063203	-138.358334
742	0.033484	3750	-0.060870	-138.419204
743	0.033159	3750	-0.060832	-138.480035
744	0.032836	3750	-0.062905	-138.542941
745	0.032515	3750	-0.063502	-138.606442
746	0.032196	3750	-0.064051	-138.670493
747	0.031879	3750	-0.061470	-138.731963
748	0.031563	3750	-0.059867	-138.791830
749	0.031250	3750	-0.062721	-138.854551
750	0.030938	3750	-0.060991	-138.915541
751	0.030629	3750	-0.064414	-138.979955
752	0.030321	3750	-0.060977	-139.040932
753	0.030015	3750	-0.060447	-139.101380
754	0.029711	3750	-0.065369	-139.166749
755	0.029409	3750	-0.060497	-139.227246
756	0.029108	3750	-0.060284	-139.287530
757	0.028810	3750	-0.059808	-139.347338
758	0.028513	3750	-0.060523	-139.407861
759	0.028218	3750	-0.060987	-139.468848
760	0.027925	3750	-0.061020	-139.529869
761	0.027634	3750	-0.065654	-139.595523
762	0.027345	3750	-0.063181	-139.658703
763	0.027057	3750	-0.063300	-139.722003
764	0.026771	3750	-0.067087	-139.789091
765	0.026487	3750	-0.059916	-139.849007
766	0.026205	3750	-0.062106	-139.911112
767	0.025925	3750	-0.062514	-139.973627
768	0.025647	3750	-0.065420	-140.039047
769	0.025370	3750	-0.061788	-140.100835
770	0.025095	3750	-0.059156	-140.159991
771	0.024822	3750	-0.062764	-140.222755
772	0.024551	3750	-0.061294	-140.284050
773	0.024281	3750	-0.063527	-140.347577
774	0.024014	3750	-0.070167	-140.417743
775	0.023748	3750	-0.061234	-140.478978
776	0.023483	3750	-0.060380	-140.539357
777	0.023221	3750	-0.063313	-140.602671
778	0.022960	3750	-0.063105	-140.665775
779	0.022702	3750	-0.064034	-140.729809
780	0.022445	3750	-0.059776	-140.789585
781	0.022189	3750	-0.066635	-140.856220
782	0.021936	3750	-0.064815	-140.921035
783	0.021684	3750	-0.067525	-140.988561
784	0.021434	3750	-0.067538	-141.056098
785	0.021185	3750	-0.067765	-141.123863
786	0.020939	3750	-0.063882	-141.187745
787	0.020694	3750	-0.067093	-141.254837
788	0.020451	3750	-0.061434	-141.316272
789	0.020209	3750	-0.064159	-141.380431
790	0.019969	3750	-0.070024	-141.450455
791	0.019731	3750	-0.085707	-141.536162
792	0.019495	3750	-0.069419	-141.605580
793	0.019261	3750	-0.063718	-141.669299
794	0.019028	3750	-0.072709	-141.742008
795	0.018796	3750	-0.067384	-141.809392
796	0.018567	3750	-0.065007	-141.874398
797	0.018339	3750	-0.067018	-141.941417
798	0.018113	3750	-0.075625	-142.017041
799	0.017889	3750	-0.060456	-142.077498
800	0.017666	3750	-0.065484	-142.142982
801	0.017445	3750	-0.079915	-142.222897
802	0.017225	3750	-0.075849	-142.298746
803	0.017007	3750	-0.076966	-142.375712
804	0.016791	3750	-0.074968	-142.450680
805	0.016577	3750	-0.070115	-142.520794
806	0.016364	3750	-0.079390	-142.600184
807	0.016153	3750	-0.087622	-142.687806
808	0.015943	3750	-0.076432	-142.764238
809	0.015736	3750	-0.077230	-142.841468
810	0.015529	3750	-0.088505	-142.929973
811	0.015325	3750	-0.068426	-142.998399
812	0.015122	3750	-0.083885	-143.082285
813	0.014920	3750	-0.092254	-143.174538
814	0.014721	3750	-0.086950	-143.261488
815	0.014523	3750	-0.096787	-143.358275
816	0.014326	3750	-0.087462	-143.445737
817	0.014131	3750	-0.087304	-143.533041
818	0.013938	3750	-0.088555	-143.621595
819	0.013746	3750	-0.074589	-143.696184
820	0.013556	3750	-0.101620	-143.797804
821	0.013367	3750	-0.095397	-143.893201
822	0.013181	3750	-0.094996	-143.988197
823	0.012995	3750	-0.137225	-144.125422
824	0.012811	3750	-0.101584	-144.227007
825	0.012629	3750	-0.111432	-144.338439
826	0.012448	3750	-0.098674	-144.437113
827	0.012269	3750	-0.111199	-144.548311
828	0.012092	3750	-0.099582	-144.647893
829	0.011916	3750	-0.109814	-144.757707
830	0.011741	3750	-0.098587	-144.856294
831	0.011568	3750	-0.110714	-144.967007
832	0.011397	3750	-0.095455	-145.062462
833	0.011227	3750	-0.103932	-145.166395
834	0.011059	3750	-0.116833	-145.283228
835	0.010892	3750	-0.117394	-145.400622
836	0.010727	3750	-0.087788	-145.488410
837	0.010563	3750	-0.119811	-145.608221
838	0.010401	3750	-0.113014	-145.721235
839	0.010240	3750	-0.096256	-145.817491
840	0.010081	3750	-0.125274	-145.942765
841	0.009923	3750	-0.117813	-146.060578
842	0.009767	3750	-0.108161	-146.168739
843	0.009612	3750	-0.130949	-146.299688
844	0.009459	3750	-0.111726	-146.411414
845	0.009307	3750	-0.131372	-146.542786
846	0.009156	3750	-0.121648	-146.664434
847	0.009008	3750	-0.109549	-146.773983
848	0.008860	3750	-0.104074	-146.878056
849	0.008714	3750	-0.121768	-146.999824
850	0.008570	3750	-0.118419	-147.118243
851	0.008427	3750	-0.123167	-147.241410
852	0.008285	3750	-0.105133	-147.346543
853	0.008145	3750	-0.117029	-147.463573
854	0.008006	3750	-0.123189	-147.586761
855	0.007869	3750	-0.121249	-147.708010
856	0.007733	3750	-0.123136	-147.831147
857	0.007598	3750	-0.121480	-147.952627
858	0.007465	3750	-0.114496	-148.067123
859	0.007334	3750	-0.119633	-148.186756
860	0.007203	3750	-0.113785	-148.300540
861	0.007075	3750	-0.115254	-148.415794
862	0.006947	3750	-0.111556	-148.527350
863	0.006821	3750	-0.113615	-148.640965
864	0.006696	3750	-0.115312	-148.756276
865	0.006573	3750	-0.110484	-148.866761
866	0.006451	3750	-0.104869	-148.971630
867	0.006330	3750	-0.110351	-149.081981
868	0.006211	3750	-0.111182	-149.193163
869	0.006093	3750	-0.095070	-149.288233
870	0.005977	3750	-0.109619	-149.397853
871	0.005862	3750	-0.104909	-149.502762
872	0.005748	3750	-0.096850	-149.599611
873	0.005635	3750	-0.104781	-149.704393
874	0.005524	3750	-0.101727	-149.806119
875	0.005414	3750	-0.103797	-149.909917
876	0.005306	3750	-0.101445	-150.011361
877	0.005199	3750	-0.104494	-150.115855
878	0.005093	3750	-0.098943	-150.214798
879	0.004988	3750	-0.099996	-150.314795
880	0.004885	3750	-0.098922	-150.413717
881	0.004783	3750	-0.097108	-150.510824
882	0.004682	3750	-0.097646	-150.608470
883	0.004583	3750	-0.094684	-150.703154
884	0.004485	3750	-0.094605	-150.797759
885	0.004388	3750	-0.094484	-150.892243
886	0.004292	3750	-0.093864	-150.986107
887	0.004198	3750	-0.090957	-151.077065
888	0.004105	3750	-0.091473	-151.168538
889	0.004013	3750	-0.087428	-151.255965
890	0.003923	3750	-0.087082	-151.343047
891	0.003833	3750	-0.083208	-151.426255
892	0.003745	3750	-0.087500	-151.513755
893	0.003658	3750	-0.084839	-151.598594
894	0.003573	3750	-0.082661	-151.681255
895	0.003488	3750	-0.082833	-151.764088
896	0.003405	3750	-0.082998	-151.847086
897	0.003323	3750	-0.080852	-151.927937
898	0.003242	3750	-0.080080	-152.008017
899	0.003162	3750	-0.078498	-152.086515
900	0.003084	3750	-0.077828	-152.164344
901	0.003007	3750	-0.077560	-152.241903
902	0.002930	3750	-0.075979	-152.317882
903	0.002855	3750	-0.074663	-152.392546
904	0.002782	3750	-0.072694	-152.465240
905	0.002709	3750	-0.072803	-152.538043
906	0.002638	3750	-0.071583	-152.609627
907	0.002567	3750	-0.068684	-152.678311
908	0.002498	3750	-0.069101	-152.747412
909	0.002430	3750	-0.068239	-152.815651
910	0.002363	3750	-0.066309	-152.881960
911	0.002297	3750	-0.065540	-152.947500
912	0.002233	3750	-0.064757	-153.012257
913	0.002169	3750	-0.063631	-153.075888
914	0.002106	3750	-0.061647	-153.137535
915	0.002045	3750	-0.062097	-153.199631
916	0.001985	3750	-0.060354	-153.259985
917	0.001925	3750	-0.059950	-153.319934
918	0.001867	3750	-0.058824	-153.378758
919	0.001810	3750	-0.057102	-153.435860
920	0.001754	3750	-0.056284	-153.492145
921	0.001699	3750	-0.054937	-153.547082
922	0.001645	3750	-0.054379	-153.601461
923	0.001592	3750	-0.053899	-153.655360
924	0.001540	3750	-0.052419	-153.707779
925	0.001490	3750	-0.051576	-153.759355
926	0.001440	3750	-0.049928	-153.809283
927	0.001391	3750	-0.049077	-153.858360
928	0.001343	3750	-0.048039	-153.906399
929	0.001296	3750	-0.047257	-153.953657
930	0.001251	3750	-0.045529	-153.999186
931	0.001206	3750	-0.044490	-154.043676
932	0.001162	3750	-0.045009	-154.088685
933	0.001119	3750	-0.043352	-154.132037
934	0.001077	3750	-0.042464	-154.174501
935	0.001036	3750	-0.041326	-154.215827
936	0.000996	3750	-0.039868	-154.255695
937	0.000957	3750	-0.039802	-154.295497
938	0.000919	3750	-0.038866	-154.334363
939	0.000882	3750	-0.038274	-154.372637
940	0.000846	3750	-0.037257	-154.409893
941	0.000810	3750	-0.036027	-154.445920
942	0.000776	3750	-0.035197	-154.481117
943	0.000742	3750	-0.034190	-154.515307
944	0.000709	3750	-0.033535	-154.548842
945	0.000678	3750	-0.033026	-154.581868
946	0.000647	3750	-0.031424	-154.613292
947	0.000617	3750	-0.030763	-154.644055
948	0.000587	3750	-0.029936	-154.673992
949	0.000559	3750	-0.029061	-154.703052
950	0.000531	3750	-0.028366	-154.731418
951	0.000505	3750	-0.027189	-154.758607
952	0.000479	3750	-0.026405	-154.785012
953	0.000454	3750	-0.025671	-154.810683
954	0.000430	3750	-0.024602	-154.835285
955	0.000406	3750	-0.023755	-154.859040
956	0.000383	3750	-0.023202	-154.882242
957	0.000362	3750	-0.022543	-154.904785
958	0.000340	3750	-0.021767	-154.926552
959	0.000320	3750	-0.020882	-154.947434
960	0.000300	3750	-0.020128	-154.967561
961	0.000281	3750	-0.019202	-154.986764
962	0.000263	3750	-0.018712	-155.005476
963	0.000246	3750	-0.017830	-155.023306
964	0.000229	3750	-0.017181	-155.040486
965	0.000213	3750	-0.016319	-155.056806
966	0.000198	3750	-0.015802	-155.072608
967	0.000183	3750	-0.015210	-155.087817
968	0.000169	3750	-0.014288	-155.102106
969	0.000156	3750	-0.013843	-155.115948
970	0.000143	3750	-0.013069	-155.129018
971	0.000131	3750	-0.012340	-155.141357
972	0.000120	3750	-0.011788	-155.153145
973	0.000109	3750	-0.010877	-155.164022
974	0.000099	3750	-0.010550	-155.174572
975	0.000089	3750	-0.009844	-155.184416
976	0.000080	3750	-0.009320	-155.193736
977	0.000072	3750	-0.008681	-155.202417
978	0.000064	3750	-0.008111	-155.210528
979	0.000057	3750	-0.007458	-155.217987
980	0.000050	3750	-0.007011	-155.224998
981	0.000043	3750	-0.006462	-155.231460
982	0.000038	3750	-0.005997	-155.237457
983	0.000032	3750	-0.005440	-155.242896
984	0.000028	3750	-0.004964	-155.247861
985	0.000023	3750	-0.004483	-155.252343
986	0.000019	3750	-0.004083	-155.256427
987	0.000016	3750	-0.003559	-155.259986
988	0.000013	3750	-0.003175	-155.263161
989	0.000010	3750	-0.002765	-155.265926
990	0.000008	3750	-0.002383	-155.268309
991	0.000006	3750	-0.002000	-155.270309
992	0.000004	3750	-0.001663	-155.271971
993	0.000003	3750	-0.001351	-155.273322
994	0.000002	3750	-0.001051	-155.274373
995	0.000001	3750	-0.000800	-155.275173
996	0.000000	3750	-0.000537	-155.275710
997	0.000000	3750	-0.000323	-155.276033
998	0.000000	3750	-0.000151	-155.276183
999	0.000000	3750	-0.000032	-155.276216
Log marginal likelihood:	-155.276216
